I am stupid, version 2
0,0,5
-1.0,-1.0,0.2720105554446849
-1.0,-0.95,0.03605761718387535
-1.0,-0.8999999999999999,-0.20213720907119684
-1.0,-0.8499999999999999,-0.42776412270188463
-1.0,-0.7999999999999998,-0.6267947350248272
-1.0,-0.7499999999999998,-0.7868542865548898
-1.0,-0.6999999999999997,-0.8979910496137727
-1.0,-0.6499999999999997,-0.9532950785566388
-1.0,-0.5999999999999996,-0.9493278367245315
-1.0,-0.5499999999999996,-0.886335987999548
-1.0,-0.4999999999999996,-0.7682360604393467
-1.0,-0.4499999999999996,-0.6023709355319172
-1.0,-0.39999999999999963,-0.39905330338932665
-1.0,-0.34999999999999964,-0.17092446962525293
-1.0,-0.29999999999999966,0.06783161980090387
-1.0,-0.24999999999999967,0.3023702676449519
-1.0,-0.19999999999999968,0.5181089967534283
-1.0,-0.1499999999999997,0.7016342178639219
-1.0,-0.09999999999999969,0.8415352216177452
-1.0,-0.049999999999999684,0.9291136412009854
-1.0,3.191891195797325E-16,0.9589242746631385
-1.0,0.05000000000000032,0.9291136412009846
-1.0,0.10000000000000032,0.8415352216177436
-1.0,0.15000000000000033,0.7016342178639199
-1.0,0.20000000000000034,0.5181089967534256
-1.0,0.25000000000000033,0.3023702676449486
-1.0,0.3000000000000003,0.06783161980090067
-1.0,0.3500000000000003,-0.17092446962525606
-1.0,0.4000000000000003,-0.39905330338932926
-1.0,0.4500000000000003,-0.6023709355319196
-1.0,0.5000000000000003,-0.7682360604393487
-1.0,0.5500000000000004,-0.8863359879995493
-1.0,0.6000000000000004,-0.949327836724532
-1.0,0.6500000000000005,-0.9532950785566384
-1.0,0.7000000000000005,-0.8979910496137715
-1.0,0.7500000000000006,-0.7868542865548879
-1.0,0.8000000000000006,-0.6267947350248246
-1.0,0.8500000000000006,-0.4277641227018808
-1.0,0.9000000000000007,-0.2021372090711935
-1.0,0.9500000000000007,0.03605761718387876
-0.95,-1.0,0.28346157643839826
-0.95,-0.95,0.03757556023090465
-0.95,-0.8999999999999999,-0.21064672231747825
-0.95,-0.8499999999999999,-0.4457720119229806
-0.95,-0.7999999999999998,-0.653181356888764
-0.95,-0.7499999999999998,-0.8199790487156939
-0.95,-0.6999999999999997,-0.9357944147974637
-0.95,-0.6499999999999997,-0.9934266166137183
-0.95,-0.5999999999999996,-0.9892923629925563
-0.95,-0.5499999999999996,-0.9236487018002096
-0.95,-0.4999999999999996,-0.8005770379497124
-0.95,-0.4499999999999996,-0.6277293714113714
-0.95,-0.39999999999999963,-0.41585253291647306
-0.95,-0.34999999999999964,-0.17811999807383963
-0.95,-0.29999999999999966,0.07068717553883437
-0.95,-0.24999999999999967,0.31509936294427454
-0.95,-0.19999999999999968,0.5399201981208024
-0.95,-0.1499999999999997,0.7311714104391611
-0.95,-0.09999999999999969,0.8769619258275885
-0.95,-0.049999999999999684,0.9682271961641182
-0.95,3.191891195797325E-16,0.999292788975378
-0.95,0.05000000000000032,0.9682271961641175
-0.95,0.10000000000000032,0.8769619258275869
-0.95,0.15000000000000033,0.731171410439159
-0.95,0.20000000000000034,0.5399201981207996
-0.95,0.25000000000000033,0.31509936294427116
-0.95,0.3000000000000003,0.07068717553883105
-0.95,0.3500000000000003,-0.1781199980738429
-0.95,0.4000000000000003,-0.41585253291647584
-0.95,0.4500000000000003,-0.6277293714113739
-0.95,0.5000000000000003,-0.8005770379497145
-0.95,0.5500000000000004,-0.923648701800211
-0.95,0.6000000000000004,-0.9892923629925569
-0.95,0.6500000000000005,-0.993426616613718
-0.95,0.7000000000000005,-0.9357944147974624
-0.95,0.7500000000000006,-0.8199790487156919
-0.95,0.8000000000000006,-0.6531813568887613
-0.95,0.8500000000000006,-0.4457720119229766
-0.95,0.9000000000000007,-0.21064672231747478
-0.95,0.9500000000000007,0.0375755602309082
-0.8999999999999999,-1.0,0.27728832953300614
-0.8999999999999999,-0.95,0.03675723693704469
-0.8999999999999999,-0.8999999999999999,-0.20605924262087827
-0.8999999999999999,-0.8499999999999999,-0.4360639565043584
-0.8999999999999999,-0.7999999999999998,-0.6389563256138473
-0.8999999999999999,-0.7499999999999998,-0.8021214851313376
-0.8999999999999999,-0.6999999999999997,-0.9154146157156395
-0.8999999999999999,-0.6499999999999997,-0.9717916992333813
-0.8999999999999999,-0.5999999999999996,-0.9677474816893964
-0.8999999999999999,-0.5499999999999996,-0.9035334129427205
-0.8999999999999999,-0.4999999999999996,-0.7831420127722344
-0.8999999999999999,-0.4499999999999996,-0.6140586353342681
-0.8999999999999999,-0.39999999999999963,-0.4067960660958844
-0.8999999999999999,-0.34999999999999964,-0.17424088775238572
-0.8999999999999999,-0.29999999999999966,0.06914774506953106
-0.8999999999999999,-0.24999999999999967,0.30823710601468496
-0.8999999999999999,-0.19999999999999968,0.5281617766300071
-0.8999999999999999,-0.1499999999999997,0.7152479060844689
-0.8999999999999999,-0.09999999999999969,0.857863384985534
-0.8999999999999999,-0.049999999999999684,0.9471410736019811
-0.8999999999999999,3.191891195797325E-16,0.977530117665097
-0.8999999999999999,0.05000000000000032,0.9471410736019803
-0.8999999999999999,0.10000000000000032,0.8578633849855325
-0.8999999999999999,0.15000000000000033,0.7152479060844668
-0.8999999999999999,0.20000000000000034,0.5281617766300044
-0.8999999999999999,0.25000000000000033,0.3082371060146817
-0.8999999999999999,0.3000000000000003,0.06914774506952781
-0.8999999999999999,0.3500000000000003,-0.1742408877523889
-0.8999999999999999,0.4000000000000003,-0.40679606609588714
-0.8999999999999999,0.4500000000000003,-0.6140586353342704
-0.8999999999999999,0.5000000000000003,-0.7831420127722364
-0.8999999999999999,0.5500000000000004,-0.9035334129427218
-0.8999999999999999,0.6000000000000004,-0.9677474816893968
-0.8999999999999999,0.6500000000000005,-0.9717916992333809
-0.8999999999999999,0.7000000000000005,-0.9154146157156382
-0.8999999999999999,0.7500000000000006,-0.8021214851313357
-0.8999999999999999,0.8000000000000006,-0.6389563256138446
-0.8999999999999999,0.8500000000000006,-0.43606395650435453
-0.8999999999999999,0.9000000000000007,-0.20605924262087488
-0.8999999999999999,0.9500000000000007,0.03675723693704816
-0.8499999999999999,-1.0,0.2538746373214502
-0.8499999999999999,-0.95,0.0336535266812232
-0.8499999999999999,-0.8999999999999999,-0.18865999724983465
-0.8499999999999999,-0.8499999999999999,-0.3992435563117457
-0.8499999999999999,-0.7999999999999998,-0.585004084746932
-0.8499999999999999,-0.7499999999999998,-0.7343918926137926
-0.8499999999999999,-0.6999999999999997,-0.8381187695672552
-0.8499999999999999,-0.6499999999999997,-0.8897354807913175
-0.8499999999999999,-0.5999999999999996,-0.8860327491835452
-0.8499999999999999,-0.5499999999999996,-0.8272407926614208
-0.8499999999999999,-0.4999999999999996,-0.7170150103272761
-0.8499999999999999,-0.4499999999999996,-0.5622087074567471
-0.8499999999999999,-0.39999999999999963,-0.3724469901701806
-0.8499999999999999,-0.34999999999999964,-0.15952832295251368
-0.8499999999999999,-0.29999999999999966,0.06330904272346488
-0.8499999999999999,-0.24999999999999967,0.28221015875526373
-0.8499999999999999,-0.19999999999999968,0.48356481397835116
-0.8499999999999999,-0.1499999999999997,0.6548537511763798
-0.8499999999999999,-0.09999999999999969,0.7854270538588611
-0.8499999999999999,-0.049999999999999684,0.8671663064865126
-0.8499999999999999,3.191891195797325E-16,0.8949893582285832
-0.8499999999999999,0.05000000000000032,0.8671663064865119
-0.8499999999999999,0.10000000000000032,0.7854270538588598
-0.8499999999999999,0.15000000000000033,0.6548537511763779
-0.8499999999999999,0.20000000000000034,0.48356481397834866
-0.8499999999999999,0.25000000000000033,0.2822101587552607
-0.8499999999999999,0.3000000000000003,0.06330904272346191
-0.8499999999999999,0.3500000000000003,-0.15952832295251662
-0.8499999999999999,0.4000000000000003,-0.3724469901701831
-0.8499999999999999,0.4500000000000003,-0.5622087074567493
-0.8499999999999999,0.5000000000000003,-0.717015010327278
-0.8499999999999999,0.5500000000000004,-0.827240792661422
-0.8499999999999999,0.6000000000000004,-0.8860327491835457
-0.8499999999999999,0.6500000000000005,-0.8897354807913171
-0.8499999999999999,0.7000000000000005,-0.8381187695672541
-0.8499999999999999,0.7500000000000006,-0.7343918926137908
-0.8499999999999999,0.8000000000000006,-0.5850040847469296
-0.8499999999999999,0.8500000000000006,-0.39924355631174213
-0.8499999999999999,0.9000000000000007,-0.18865999724983154
-0.8499999999999999,0.9500000000000007,0.03365352668122638
-0.7999999999999998,-1.0,0.2146762497830698
-0.7999999999999998,-0.95,0.028457403134570854
-0.7999999999999998,-0.8999999999999999,-0.15953078700964352
-0.7999999999999998,-0.8499999999999999,-0.337600125492409
-0.7999999999999998,-0.7999999999999998,-0.494679123311691
-0.7999999999999998,-0.7499999999999998,-0.6210013691828494
-0.7999999999999998,-0.6999999999999997,-0.7087127576894707
-0.7999999999999998,-0.6499999999999997,-0.7523598195174194
-0.7999999999999998,-0.5999999999999996,-0.749228791763342
-0.7999999999999998,-0.5499999999999996,-0.6995143465681009
-0.7999999999999998,-0.4999999999999996,-0.6063074873459338
-0.7999999999999998,-0.4499999999999996,-0.4754033651631886
-0.7999999999999998,-0.39999999999999963,-0.3149409643133765
-0.7999999999999998,-0.34999999999999964,-0.13489705969433002
-0.7999999999999998,-0.29999999999999966,0.053534090733219006
-0.7999999999999998,-0.24999999999999967,0.23863675068713125
-0.7999999999999998,-0.19999999999999968,0.4089021333016363
-0.7999999999999998,-0.1499999999999997,0.5537439617527434
-0.7999999999999998,-0.09999999999999969,0.6641566726773585
-0.7999999999999998,-0.049999999999999684,0.7332753384854633
-0.7999999999999998,3.191891195797325E-16,0.7568024953079276
-0.7999999999999998,0.05000000000000032,0.7332753384854628
-0.7999999999999998,0.10000000000000032,0.6641566726773572
-0.7999999999999998,0.15000000000000033,0.5537439617527419
-0.7999999999999998,0.20000000000000034,0.40890213330163416
-0.7999999999999998,0.25000000000000033,0.23863675068712867
-0.7999999999999998,0.3000000000000003,0.053534090733216494
-0.7999999999999998,0.3500000000000003,-0.1348970596943325
-0.7999999999999998,0.4000000000000003,-0.31494096431337854
-0.7999999999999998,0.4500000000000003,-0.47540336516319043
-0.7999999999999998,0.5000000000000003,-0.6063074873459353
-0.7999999999999998,0.5500000000000004,-0.6995143465681019
-0.7999999999999998,0.6000000000000004,-0.7492287917633424
-0.7999999999999998,0.6500000000000005,-0.752359819517419
-0.7999999999999998,0.7000000000000005,-0.7087127576894697
-0.7999999999999998,0.7500000000000006,-0.6210013691828479
-0.7999999999999998,0.8000000000000006,-0.494679123311689
-0.7999999999999998,0.8500000000000006,-0.337600125492406
-0.7999999999999998,0.9000000000000007,-0.15953078700964088
-0.7999999999999998,0.9500000000000007,0.028457403134573542
-0.7499999999999998,-1.0,0.1621303328006967
-0.7499999999999998,-0.95,0.02149193609220308
-0.7499999999999998,-0.8999999999999999,-0.1204827251080029
-0.7499999999999998,-0.8499999999999999,-0.2549663540095895
-0.7499999999999998,-0.7999999999999998,-0.3735974099283265
-0.7499999999999998,-0.7499999999999998,-0.4689999883873691
-0.7499999999999998,-0.6999999999999997,-0.5352424191330137
-0.7499999999999998,-0.6499999999999997,-0.5682060686614954
-0.7499999999999998,-0.5999999999999996,-0.565841416901975
-0.7499999999999998,-0.5499999999999996,-0.528295486447855
-0.7499999999999998,-0.4999999999999996,-0.45790270140401357
-0.7499999999999998,-0.4499999999999996,-0.359039744202563
-0.7499999999999998,-0.39999999999999963,-0.23785343468733808
-0.7499999999999998,-0.34999999999999964,-0.10187855062764377
-0.7499999999999998,-0.29999999999999966,0.04043064826933636
-0.7499999999999998,-0.24999999999999967,0.18022606527959173
-0.7499999999999998,-0.19999999999999968,0.30881589846152346
-0.7499999999999998,-0.1499999999999997,0.418205054802615
-0.7499999999999998,-0.09999999999999969,0.5015922463793457
-0.7499999999999998,-0.049999999999999684,0.5537928614987736
-0.7499999999999998,3.191891195797325E-16,0.5715613187423431
-0.7499999999999998,0.05000000000000032,0.5537928614987732
-0.7499999999999998,0.10000000000000032,0.5015922463793449
-0.7499999999999998,0.15000000000000033,0.4182050548026138
-0.7499999999999998,0.20000000000000034,0.30881589846152185
-0.7499999999999998,0.25000000000000033,0.1802260652795898
-0.7499999999999998,0.3000000000000003,0.040430648269334464
-0.7499999999999998,0.3500000000000003,-0.10187855062764564
-0.7499999999999998,0.4000000000000003,-0.23785343468733966
-0.7499999999999998,0.4500000000000003,-0.3590397442025644
-0.7499999999999998,0.5000000000000003,-0.45790270140401473
-0.7499999999999998,0.5500000000000004,-0.5282954864478557
-0.7499999999999998,0.6000000000000004,-0.5658414169019753
-0.7499999999999998,0.6500000000000005,-0.5682060686614953
-0.7499999999999998,0.7000000000000005,-0.5352424191330131
-0.7499999999999998,0.7500000000000006,-0.46899998838736795
-0.7499999999999998,0.8000000000000006,-0.373597409928325
-0.7499999999999998,0.8500000000000006,-0.2549663540095872
-0.7499999999999998,0.9000000000000007,-0.12048272510800091
-0.7499999999999998,0.9500000000000007,0.02149193609220511
-0.6999999999999997,-1.0,0.09950393699028172
-0.6999999999999997,-0.95,0.013190204558122929
-0.6999999999999997,-0.8999999999999999,-0.07394363090774238
-0.6999999999999997,-0.8499999999999999,-0.15648000954392072
-0.6999999999999997,-0.7999999999999998,-0.22928721908526736
-0.6999999999999997,-0.7499999999999998,-0.28783845987849044
-0.6999999999999997,-0.6999999999999997,-0.32849329935939353
-0.6999999999999997,-0.6499999999999997,-0.34872401651756907
-0.6999999999999997,-0.5999999999999996,-0.34727276334600793
-0.6999999999999997,-0.5499999999999996,-0.3242297717378873
-0.6999999999999997,-0.4999999999999996,-0.281027743304484
-0.6999999999999997,-0.4499999999999996,-0.2203527709281627
-0.6999999999999997,-0.39999999999999963,-0.14597733051683018
-0.6999999999999997,-0.34999999999999964,-0.0625257267236716
-0.6999999999999997,-0.29999999999999966,0.02481342391872892
-0.6999999999999997,-0.24999999999999967,0.11060979604372854
-0.6999999999999997,-0.19999999999999968,0.18952898678057006
-0.6999999999999997,-0.1499999999999997,0.2566641830881254
-0.6999999999999997,-0.09999999999999969,0.3078412436240297
-0.6999999999999997,-0.049999999999999684,0.339878226636225
-0.6999999999999997,3.191891195797325E-16,0.3507832276896186
-0.6999999999999997,0.05000000000000032,0.33987822663622475
-0.6999999999999997,0.10000000000000032,0.30784124362402915
-0.6999999999999997,0.15000000000000033,0.2566641830881246
-0.6999999999999997,0.20000000000000034,0.1895289867805691
-0.6999999999999997,0.25000000000000033,0.11060979604372737
-0.6999999999999997,0.3000000000000003,0.024813423918727758
-0.6999999999999997,0.3500000000000003,-0.06252572672367275
-0.6999999999999997,0.4000000000000003,-0.14597733051683118
-0.6999999999999997,0.4500000000000003,-0.22035277092816352
-0.6999999999999997,0.5000000000000003,-0.2810277433044847
-0.6999999999999997,0.5500000000000004,-0.32422977173788775
-0.6999999999999997,0.6000000000000004,-0.34727276334600815
-0.6999999999999997,0.6500000000000005,-0.34872401651756896
-0.6999999999999997,0.7000000000000005,-0.3284932993593931
-0.6999999999999997,0.7500000000000006,-0.2878384598784897
-0.6999999999999997,0.8000000000000006,-0.22928721908526642
-0.6999999999999997,0.8500000000000006,-0.1564800095439193
-0.6999999999999997,0.9000000000000007,-0.07394363090774116
-0.6999999999999997,0.9500000000000007,0.013190204558124176
-0.6499999999999997,-1.0,0.030690868317297816
-0.6499999999999997,-0.95,0.00406836999033626
-0.6499999999999997,-0.8999999999999999,-0.02280707987779458
-0.6499999999999997,-0.8499999999999999,-0.048264495983420475
-0.6499999999999997,-0.7999999999999998,-0.07072105949408457
-0.6499999999999997,-0.7499999999999998,-0.08878053005729164
-0.6499999999999997,-0.6999999999999997,-0.10132005726304573
-0.6499999999999997,-0.6499999999999997,-0.10755999404390602
-0.6499999999999997,-0.5999999999999996,-0.10711237135348128
-0.6499999999999997,-0.5499999999999996,-0.10000502020263687
-0.6499999999999997,-0.4999999999999996,-0.08667984126203639
-0.6499999999999997,-0.4499999999999996,-0.06796532961875104
-0.6499999999999997,-0.39999999999999963,-0.04502506296449618
-0.6499999999999997,-0.34999999999999964,-0.019285355970457475
-0.6499999999999997,-0.29999999999999966,0.00765342105072059
-0.6499999999999997,-0.24999999999999967,0.0341163454197073
-0.6499999999999997,-0.19999999999999968,0.05845808067033032
-0.6499999999999997,-0.1499999999999997,0.07916517560198469
-0.6499999999999997,-0.09999999999999969,0.09495016334500456
-0.6499999999999997,-0.049999999999999684,0.10483160981487465
-0.6499999999999997,3.191891195797325E-16,0.10819513453010661
-0.6499999999999997,0.05000000000000032,0.10483160981487456
-0.6499999999999997,0.10000000000000032,0.09495016334500439
-0.6499999999999997,0.15000000000000033,0.07916517560198447
-0.6499999999999997,0.20000000000000034,0.05845808067033002
-0.6499999999999997,0.25000000000000033,0.034116345419706935
-0.6499999999999997,0.3000000000000003,0.007653421050720231
-0.6499999999999997,0.3500000000000003,-0.01928535597045783
-0.6499999999999997,0.4000000000000003,-0.04502506296449649
-0.6499999999999997,0.4500000000000003,-0.0679653296187513
-0.6499999999999997,0.5000000000000003,-0.08667984126203662
-0.6499999999999997,0.5500000000000004,-0.100005020202637
-0.6499999999999997,0.6000000000000004,-0.10711237135348134
-0.6499999999999997,0.6500000000000005,-0.10755999404390598
-0.6499999999999997,0.7000000000000005,-0.10132005726304559
-0.6499999999999997,0.7500000000000006,-0.08878053005729143
-0.6499999999999997,0.8000000000000006,-0.07072105949408428
-0.6499999999999997,0.8500000000000006,-0.048264495983420044
-0.6499999999999997,0.9000000000000007,-0.022807079877794203
-0.6499999999999997,0.9500000000000007,0.004068369990336644
-0.5999999999999996,-1.0,-0.04003040989885054
-0.5999999999999996,-0.95,-0.005306416118619677
-0.5999999999999996,-0.8999999999999999,0.02974750491465816
-0.5999999999999996,-0.8499999999999999,0.06295187017204128
-0.5999999999999996,-0.7999999999999998,0.09224219304455496
-0.5999999999999996,-0.7499999999999998,0.1157973431213598
-0.5999999999999996,-0.6999999999999997,0.13215277525819547
-0.5999999999999996,-0.6499999999999997,0.14029158790104165
-0.5999999999999996,-0.5999999999999996,0.13970774909946465
-0.5999999999999996,-0.5499999999999996,0.13043755912236923
-0.5999999999999996,-0.4999999999999996,0.11305739348309572
-0.5999999999999996,-0.4499999999999996,0.08864786670162984
-0.5999999999999996,-0.39999999999999963,0.058726644927621495
-0.5999999999999996,-0.34999999999999964,0.02515408480989593
-0.5999999999999996,-0.29999999999999966,-0.009982434469479063
-0.5999999999999996,-0.24999999999999967,-0.04449829432267748
-0.5999999999999996,-0.19999999999999968,-0.07624746575887785
-0.5999999999999996,-0.1499999999999997,-0.10325593907279017
-0.5999999999999996,-0.09999999999999969,-0.12384445820716998
-0.5999999999999996,-0.049999999999999684,-0.13673292876111343
-0.5999999999999996,3.191891195797325E-16,-0.141120008059869
-0.5999999999999996,0.05000000000000032,-0.13673292876111331
-0.5999999999999996,0.10000000000000032,-0.12384445820716976
-0.5999999999999996,0.15000000000000033,-0.10325593907278988
-0.5999999999999996,0.20000000000000034,-0.07624746575887746
-0.5999999999999996,0.25000000000000033,-0.044498294322677004
-0.5999999999999996,0.3000000000000003,-0.009982434469478595
-0.5999999999999996,0.3500000000000003,0.025154084809896397
-0.5999999999999996,0.4000000000000003,0.058726644927621884
-0.5999999999999996,0.4500000000000003,0.08864786670163019
-0.5999999999999996,0.5000000000000003,0.11305739348309603
-0.5999999999999996,0.5500000000000004,0.13043755912236943
-0.5999999999999996,0.6000000000000004,0.13970774909946473
-0.5999999999999996,0.6500000000000005,0.1402915879010416
-0.5999999999999996,0.7000000000000005,0.13215277525819527
-0.5999999999999996,0.7500000000000006,0.11579734312135952
-0.5999999999999996,0.8000000000000006,0.09224219304455458
-0.5999999999999996,0.8500000000000006,0.06295187017204072
-0.5999999999999996,0.9000000000000007,0.029747504914657667
-0.5999999999999996,0.9500000000000007,-0.005306416118620178
-0.5499999999999996,-1.0,-0.1082627911116279
-0.5499999999999996,-0.95,-0.014351274974528642
-0.5499999999999996,-0.8999999999999999,0.08045253393121606
-0.5499999999999996,-0.8499999999999999,0.17025419394263372
-0.5499999999999996,-0.7999999999999998,0.24947027278748563
-0.5499999999999996,-0.7499999999999998,0.313175498360042
-0.5499999999999996,-0.6999999999999997,0.3574089882854472
-0.5499999999999996,-0.6499999999999997,0.3794205184015661
-0.5499999999999996,-0.5999999999999996,0.37784151837689217
-0.5499999999999996,-0.5499999999999996,0.35277016278519724
-0.5499999999999996,-0.4999999999999996,0.30576526708603546
-0.5499999999999996,-0.4499999999999996,0.23974936802946822
-0.5499999999999996,-0.39999999999999963,0.15882701447602196
-0.5499999999999996,-0.34999999999999964,0.06802956642859989
-0.5499999999999996,-0.29999999999999966,-0.02699763056350214
-0.5499999999999996,-0.24999999999999967,-0.12034624564806425
-0.5499999999999996,-0.19999999999999968,-0.20621231406579793
-0.5499999999999996,-0.1499999999999997,-0.2792570995680325
-0.5499999999999996,-0.09999999999999969,-0.33493903117890816
-0.5499999999999996,-0.049999999999999684,-0.3697960760819136
-0.5499999999999996,3.191891195797325E-16,-0.38166099205233334
-0.5499999999999996,0.05000000000000032,-0.3697960760819133
-0.5499999999999996,0.10000000000000032,-0.33493903117890755
-0.5499999999999996,0.15000000000000033,-0.2792570995680317
-0.5499999999999996,0.20000000000000034,-0.20621231406579688
-0.5499999999999996,0.25000000000000033,-0.12034624564806295
-0.5499999999999996,0.3000000000000003,-0.026997630563500873
-0.5499999999999996,0.3500000000000003,0.06802956642860114
-0.5499999999999996,0.4000000000000003,0.15882701447602302
-0.5499999999999996,0.4500000000000003,0.23974936802946917
-0.5499999999999996,0.5000000000000003,0.3057652670860363
-0.5499999999999996,0.5500000000000004,0.35277016278519774
-0.5499999999999996,0.6000000000000004,0.37784151837689234
-0.5499999999999996,0.6500000000000005,0.379420518401566
-0.5499999999999996,0.7000000000000005,0.3574089882854467
-0.5499999999999996,0.7500000000000006,0.31317549836004127
-0.5499999999999996,0.8000000000000006,0.24947027278748463
-0.5499999999999996,0.8500000000000006,0.1702541939426322
-0.5499999999999996,0.9000000000000007,0.08045253393121474
-0.5499999999999996,0.9500000000000007,-0.014351274974529999
-0.4999999999999996,-1.0,-0.16976391633539156
-0.4999999999999996,-0.95,-0.02250384106179216
-0.4999999999999996,-0.8999999999999999,0.1261554140534466
-0.4999999999999996,-0.8499999999999999,0.26697093654666076
-0.4999999999999996,-0.7999999999999998,0.3911874992581208
-0.4999999999999996,-0.7499999999999998,0.49108191795157297
-0.4999999999999996,-0.6999999999999997,0.5604432415034127
-0.4999999999999996,-0.6499999999999997,0.5949589187612977
-0.4999999999999996,-0.5999999999999996,0.5924829320872986
-0.4999999999999996,-0.5499999999999996,0.5531692263405584
-0.4999999999999996,-0.4999999999999996,0.4794621373315697
-0.4999999999999996,-0.4499999999999996,0.37594441486042757
-0.4999999999999996,-0.39999999999999963,0.24905228953044664
-0.4999999999999996,-0.34999999999999964,0.10667529910262388
-0.4999999999999996,-0.29999999999999966,-0.04233424474998529
-0.4999999999999996,-0.24999999999999967,-0.18871165030662265
-0.4999999999999996,-0.19999999999999968,-0.3233558794572188
-0.4999999999999996,-0.1499999999999997,-0.43789540617191586
-0.4999999999999996,-0.09999999999999969,-0.5252087174427761
-0.4999999999999996,-0.049999999999999684,-0.5798670944701281
-0.4999999999999996,3.191891195797325E-16,-0.5984721441039579
-0.4999999999999996,0.05000000000000032,-0.5798670944701276
-0.4999999999999996,0.10000000000000032,-0.5252087174427752
-0.4999999999999996,0.15000000000000033,-0.43789540617191464
-0.4999999999999996,0.20000000000000034,-0.32335587945721717
-0.4999999999999996,0.25000000000000033,-0.18871165030662063
-0.4999999999999996,0.3000000000000003,-0.042334244749983305
-0.4999999999999996,0.3500000000000003,0.10667529910262584
-0.4999999999999996,0.4000000000000003,0.2490522895304483
-0.4999999999999996,0.4500000000000003,0.375944414860429
-0.4999999999999996,0.5000000000000003,0.479462137331571
-0.4999999999999996,0.5500000000000004,0.5531692263405592
-0.4999999999999996,0.6000000000000004,0.592482932087299
-0.4999999999999996,0.6500000000000005,0.5949589187612975
-0.4999999999999996,0.7000000000000005,0.560443241503412
-0.4999999999999996,0.7500000000000006,0.49108191795157174
-0.4999999999999996,0.8000000000000006,0.3911874992581192
-0.4999999999999996,0.8500000000000006,0.2669709365466583
-0.4999999999999996,0.9000000000000007,0.12615541405344452
-0.4999999999999996,0.9500000000000007,-0.022503841061794285
-0.4499999999999996,-1.0,-0.22070994347958717
-0.4499999999999996,-0.95,-0.029257227307416336
-0.4499999999999996,-0.8999999999999999,0.16401456155365204
-0.4499999999999996,-0.8499999999999999,0.3470887193689342
-0.4499999999999996,-0.7999999999999998,0.5085825817107481
-0.4499999999999996,-0.7499999999999998,0.6384552424014914
-0.4499999999999996,-0.6999999999999997,0.7286318484274237
-0.4499999999999996,-0.6499999999999997,0.7735056551891454
-0.4499999999999996,-0.5999999999999996,0.770286626724964
-0.4499999999999996,-0.5499999999999996,0.7191749066336712
-0.4499999999999996,-0.4999999999999996,0.6233483741149505
-0.4499999999999996,-0.4499999999999996,0.4887650588325481
-0.4499999999999996,-0.39999999999999963,0.3237926994870295
-0.4499999999999996,-0.34999999999999964,0.13868847835186146
-0.4499999999999996,-0.29999999999999966,-0.055038720640496655
-0.4499999999999996,-0.24999999999999967,-0.24534387855913997
-0.4499999999999996,-0.19999999999999968,-0.4203947424127405
-0.4499999999999996,-0.1499999999999997,-0.5693074973319624
-0.4499999999999996,-0.09999999999999969,-0.6828234694631358
-0.4499999999999996,-0.049999999999999684,-0.7538847854648204
-0.4499999999999996,3.191891195797325E-16,-0.7780731968879223
-0.4499999999999996,0.05000000000000032,-0.7538847854648199
-0.4499999999999996,0.10000000000000032,-0.6828234694631345
-0.4499999999999996,0.15000000000000033,-0.5693074973319607
-0.4499999999999996,0.20000000000000034,-0.42039474241273833
-0.4499999999999996,0.25000000000000033,-0.24534387855913734
-0.4499999999999996,0.3000000000000003,-0.055038720640494074
-0.4499999999999996,0.3500000000000003,0.13868847835186401
-0.4499999999999996,0.4000000000000003,0.32379269948703165
-0.4499999999999996,0.4500000000000003,0.48876505883255
-0.4499999999999996,0.5000000000000003,0.6233483741149521
-0.4499999999999996,0.5500000000000004,0.7191749066336722
-0.4499999999999996,0.6000000000000004,0.7702866267249644
-0.4499999999999996,0.6500000000000005,0.7735056551891452
-0.4499999999999996,0.7000000000000005,0.7286318484274226
-0.4499999999999996,0.7500000000000006,0.6384552424014899
-0.4499999999999996,0.8000000000000006,0.508582581710746
-0.4499999999999996,0.8500000000000006,0.3470887193689311
-0.4499999999999996,0.9000000000000007,0.16401456155364932
-0.4499999999999996,0.9500000000000007,-0.0292572273074191
-0.39999999999999963,-1.0,-0.25793329532946113
-0.39999999999999963,-0.95,-0.034191540864142986
-0.39999999999999963,-0.8999999999999999,0.19167607800807065
-0.39999999999999963,-0.8499999999999999,0.40562620671774013
-0.39999999999999963,-0.7999999999999998,0.5943564625123049
-0.39999999999999963,-0.7499999999999998,0.7461325121865987
-0.39999999999999963,-0.6999999999999997,0.8515176560872243
-0.39999999999999963,-0.6499999999999997,0.90395955639109
-0.39999999999999963,-0.5999999999999996,0.900197629735518
-0.39999999999999963,-0.5499999999999996,0.8404657744993562
-0.39999999999999963,-0.4999999999999996,0.7284778281346498
-0.39999999999999963,-0.4499999999999996,0.5711966587415525
-0.39999999999999963,-0.39999999999999963,0.378401247653963
-0.39999999999999963,-0.34999999999999964,0.16207867974390897
-0.39999999999999963,-0.29999999999999966,-0.06432115545729325
-0.39999999999999963,-0.24999999999999967,-0.2867218127466147
-0.39999999999999963,-0.19999999999999968,-0.4912954964338834
-0.39999999999999963,-0.1499999999999997,-0.6653228057039604
-0.39999999999999963,-0.09999999999999969,-0.7979835653540068
-0.39999999999999963,-0.049999999999999684,-0.8810295718809302
-0.39999999999999963,3.191891195797325E-16,-0.9092974268256825
-0.39999999999999963,0.05000000000000032,-0.8810295718809295
-0.39999999999999963,0.10000000000000032,-0.7979835653540054
-0.39999999999999963,0.15000000000000033,-0.6653228057039585
-0.39999999999999963,0.20000000000000034,-0.49129549643388093
-0.39999999999999963,0.25000000000000033,-0.28672181274661157
-0.39999999999999963,0.3000000000000003,-0.06432115545729022
-0.39999999999999963,0.3500000000000003,0.16207867974391194
-0.39999999999999963,0.4000000000000003,0.37840124765396554
-0.39999999999999963,0.4500000000000003,0.5711966587415547
-0.39999999999999963,0.5000000000000003,0.7284778281346517
-0.39999999999999963,0.5500000000000004,0.8404657744993574
-0.39999999999999963,0.6000000000000004,0.9001976297355185
-0.39999999999999963,0.6500000000000005,0.9039595563910897
-0.39999999999999963,0.7000000000000005,0.8515176560872231
-0.39999999999999963,0.7500000000000006,0.7461325121865969
-0.39999999999999963,0.8000000000000006,0.5943564625123025
-0.39999999999999963,0.8500000000000006,0.40562620671773647
-0.39999999999999963,0.9000000000000007,0.1916760780080675
-0.39999999999999963,0.9500000000000007,-0.03419154086414621
-0.34999999999999964,-1.0,-0.2791196041553631
-0.34999999999999964,-0.95,-0.036999990013974166
-0.34999999999999964,-0.8999999999999999,0.2074201042999443
-0.34999999999999964,-0.8499999999999999,0.43894382115144215
-0.34999999999999964,-0.7999999999999998,0.6431761371935907
-0.34999999999999964,-0.7499999999999998,0.8074188761980375
-0.34999999999999964,-0.6999999999999997,0.9214602201502652
-0.34999999999999964,-0.6499999999999997,0.9782096306335969
-0.34999999999999964,-0.5999999999999996,0.9741387041654822
-0.34999999999999964,-0.5499999999999996,0.9095005512364964
-0.34999999999999964,-0.4999999999999996,0.7883140591259581
-0.34999999999999964,-0.4499999999999996,0.6181140169560645
-0.34999999999999964,-0.39999999999999963,0.40948263899843196
-0.34999999999999964,-0.34999999999999964,0.17539161384480825
-0.34999999999999964,-0.29999999999999966,-0.06960441236220904
-0.34999999999999964,-0.24999999999999967,-0.31027277333203684
-0.34999999999999964,-0.19999999999999968,-0.5316498760378344
-0.34999999999999964,-0.1499999999999997,-0.7199715644559278
-0.34999999999999964,-0.09999999999999969,-0.8635289081217548
-0.34999999999999964,-0.049999999999999684,-0.9533962067148688
-0.34999999999999964,3.191891195797325E-16,-0.9839859468739373
-0.34999999999999964,0.05000000000000032,-0.953396206714868
-0.34999999999999964,0.10000000000000032,-0.8635289081217532
-0.34999999999999964,0.15000000000000033,-0.7199715644559257
-0.34999999999999964,0.20000000000000034,-0.5316498760378316
-0.34999999999999964,0.25000000000000033,-0.3102727733320335
-0.34999999999999964,0.3000000000000003,-0.06960441236220578
-0.34999999999999964,0.3500000000000003,0.17539161384481147
-0.34999999999999964,0.4000000000000003,0.4094826389984347
-0.34999999999999964,0.4500000000000003,0.6181140169560668
-0.34999999999999964,0.5000000000000003,0.7883140591259602
-0.34999999999999964,0.5500000000000004,0.9095005512364978
-0.34999999999999964,0.6000000000000004,0.9741387041654828
-0.34999999999999964,0.6500000000000005,0.9782096306335967
-0.34999999999999964,0.7000000000000005,0.921460220150264
-0.34999999999999964,0.7500000000000006,0.8074188761980357
-0.34999999999999964,0.8000000000000006,0.6431761371935881
-0.34999999999999964,0.8500000000000006,0.4389438211514382
-0.34999999999999964,0.9000000000000007,0.2074201042999409
-0.34999999999999964,0.9500000000000007,-0.036999990013977656
-0.29999999999999966,-1.0,-0.28295160788871765
-0.29999999999999966,-0.95,-0.03750795899127578
-0.29999999999999966,-0.8999999999999999,0.21026775312939652
-0.29999999999999966,-0.8499999999999999,0.4449700347757958
-0.29999999999999966,-0.7999999999999998,0.6520062348371748
-0.29999999999999966,-0.7499999999999998,0.818503845157257
-0.29999999999999966,-0.6999999999999997,0.9341108507444105
-0.29999999999999966,-0.6499999999999997,0.9916393679246575
-0.29999999999999966,-0.5999999999999996,0.9875125521345753
-0.29999999999999966,-0.5499999999999996,0.9219869887920842
-0.29999999999999966,-0.4999999999999996,0.7991367400579112
-0.29999999999999966,-0.4499999999999996,0.6266000393828375
-0.29999999999999966,-0.39999999999999963,0.4151043831469098
-0.29999999999999966,-0.34999999999999964,0.1777995468923139
-0.29999999999999966,-0.29999999999999966,-0.07056000402993537
-0.29999999999999966,-0.24999999999999967,-0.31453247565342896
-0.29999999999999966,-0.19999999999999968,-0.5389488413540809
-0.29999999999999966,-0.1499999999999997,-0.7298559784556287
-0.29999999999999966,-0.09999999999999969,-0.8753842058167898
-0.29999999999999966,-0.049999999999999684,-0.9664852831147619
-0.29999999999999966,3.191891195797325E-16,-0.9974949866040543
-0.29999999999999966,0.05000000000000032,-0.9664852831147611
-0.29999999999999966,0.10000000000000032,-0.8753842058167882
-0.29999999999999966,0.15000000000000033,-0.7298559784556266
-0.29999999999999966,0.20000000000000034,-0.5389488413540782
-0.29999999999999966,0.25000000000000033,-0.31453247565342557
-0.29999999999999966,0.3000000000000003,-0.07056000402993207
-0.29999999999999966,0.3500000000000003,0.17779954689231717
-0.29999999999999966,0.4000000000000003,0.41510438314691256
-0.29999999999999966,0.4500000000000003,0.6266000393828399
-0.29999999999999966,0.5000000000000003,0.7991367400579134
-0.29999999999999966,0.5500000000000004,0.9219869887920855
-0.29999999999999966,0.6000000000000004,0.9875125521345759
-0.29999999999999966,0.6500000000000005,0.9916393679246571
-0.29999999999999966,0.7000000000000005,0.9341108507444091
-0.29999999999999966,0.7500000000000006,0.818503845157255
-0.29999999999999966,0.8000000000000006,0.6520062348371721
-0.29999999999999966,0.8500000000000006,0.4449700347757918
-0.29999999999999966,0.9000000000000007,0.21026775312939305
-0.29999999999999966,0.9500000000000007,-0.03750795899127932
-0.24999999999999967,-1.0,-0.2691910510973933
-0.24999999999999967,-0.95,-0.03568386474534697
-0.24999999999999967,-0.8999999999999999,0.20004197148457484
-0.24999999999999967,-0.8499999999999999,0.4233301668151301
-0.24999999999999967,-0.7999999999999998,0.6202977427394621
-0.24999999999999967,-0.7499999999999998,0.7786982093835475
-0.24999999999999967,-0.6999999999999997,0.8886829929316495
-0.24999999999999967,-0.6499999999999997,0.9434137722453889
-0.24999999999999967,-0.5999999999999996,0.9394876525512594
-0.24999999999999967,-0.5499999999999996,0.8771487409559902
-0.24999999999999967,-0.4999999999999996,0.7602729690489636
-0.24999999999999967,-0.4499999999999996,0.5961271062487565
-0.24999999999999967,-0.39999999999999963,0.3949169472767195
-0.24999999999999967,-0.34999999999999964,0.16915276527216613
-0.24999999999999967,-0.29999999999999966,-0.06712851639890603
-0.24999999999999967,-0.24999999999999967,-0.29923607205197966
-0.24999999999999967,-0.19999999999999968,-0.512738578071223
-0.24999999999999967,-0.1499999999999997,-0.6943614827149429
-0.24999999999999967,-0.09999999999999969,-0.8328123534486357
-0.24999999999999967,-0.049999999999999684,-0.9194829857059753
-0.24999999999999967,3.191891195797325E-16,-0.9489846193555856
-0.24999999999999967,0.05000000000000032,-0.9194829857059745
-0.24999999999999967,0.10000000000000032,-0.8328123534486342
-0.24999999999999967,0.15000000000000033,-0.6943614827149409
-0.24999999999999967,0.20000000000000034,-0.5127385780712204
-0.24999999999999967,0.25000000000000033,-0.29923607205197644
-0.24999999999999967,0.3000000000000003,-0.06712851639890288
-0.24999999999999967,0.3500000000000003,0.16915276527216924
-0.24999999999999967,0.4000000000000003,0.39491694727672216
-0.24999999999999967,0.4500000000000003,0.5961271062487589
-0.24999999999999967,0.5000000000000003,0.7602729690489656
-0.24999999999999967,0.5500000000000004,0.8771487409559915
-0.24999999999999967,0.6000000000000004,0.9394876525512599
-0.24999999999999967,0.6500000000000005,0.9434137722453886
-0.24999999999999967,0.7000000000000005,0.8886829929316482
-0.24999999999999967,0.7500000000000006,0.7786982093835456
-0.24999999999999967,0.8000000000000006,0.6202977427394596
-0.24999999999999967,0.8500000000000006,0.42333016681512625
-0.24999999999999967,0.9000000000000007,0.20004197148457156
-0.24999999999999967,0.9500000000000007,-0.03568386474535034
-0.19999999999999968,-1.0,-0.23869349855450092
-0.19999999999999968,-0.95,-0.03164112062154269
-0.19999999999999968,-0.8999999999999999,0.17737854894038582
-0.19999999999999968,-0.8499999999999999,0.3753696794482421
-0.19999999999999968,-0.7999999999999998,0.5500221413615028
-0.19999999999999968,-0.7499999999999998,0.6904768905138545
-0.19999999999999968,-0.6999999999999997,0.7880011308845263
-0.19999999999999968,-0.6499999999999997,0.8365312775582516
-0.19999999999999968,-0.5999999999999996,0.8330499610668038
-0.19999999999999968,-0.5499999999999996,0.7777736328081389
-0.19999999999999968,-0.4999999999999996,0.6741391071468356
-0.19999999999999968,-0.4499999999999996,0.5285898769428455
-0.19999999999999968,-0.39999999999999963,0.3501754883740129
-0.19999999999999968,-0.34999999999999964,0.1499888839854996
-0.19999999999999968,-0.29999999999999966,-0.059523302749878174
-0.19999999999999968,-0.24999999999999967,-0.2653346188167003
-0.19999999999999968,-0.19999999999999968,-0.4546487134128414
-0.19999999999999968,-0.1499999999999997,-0.6156949530642302
-0.19999999999999968,-0.09999999999999969,-0.7384602626041286
-0.19999999999999968,-0.049999999999999684,-0.8153116896894597
-0.19999999999999968,3.191891195797325E-16,-0.8414709848078956
-0.19999999999999968,0.05000000000000032,-0.815311689689459
-0.19999999999999968,0.10000000000000032,-0.7384602626041272
-0.19999999999999968,0.15000000000000033,-0.6156949530642284
-0.19999999999999968,0.20000000000000034,-0.4546487134128391
-0.19999999999999968,0.25000000000000033,-0.26533461881669745
-0.19999999999999968,0.3000000000000003,-0.059523302749875384
-0.19999999999999968,0.3500000000000003,0.14998888398550236
-0.19999999999999968,0.4000000000000003,0.35017548837401524
-0.19999999999999968,0.4500000000000003,0.5285898769428476
-0.19999999999999968,0.5000000000000003,0.6741391071468373
-0.19999999999999968,0.5500000000000004,0.77777363280814
-0.19999999999999968,0.6000000000000004,0.8330499610668043
-0.19999999999999968,0.6500000000000005,0.8365312775582513
-0.19999999999999968,0.7000000000000005,0.7880011308845252
-0.19999999999999968,0.7500000000000006,0.6904768905138529
-0.19999999999999968,0.8000000000000006,0.5500221413615006
-0.19999999999999968,0.8500000000000006,0.37536967944823874
-0.19999999999999968,0.9000000000000007,0.1773785489403829
-0.19999999999999968,0.9500000000000007,-0.03164112062154568
-0.1499999999999997,-1.0,-0.19335514036466225
-0.1499999999999997,-0.95,-0.02563108486876813
-0.1499999999999997,-0.8999999999999999,0.1436865873421239
-0.1499999999999997,-0.8499999999999999,0.30407052348675934
-0.1499999999999997,-0.7999999999999998,0.4455488272226345
-0.1499999999999997,-0.7499999999999998,0.5593250628624815
-0.1499999999999997,-0.6999999999999997,0.6383251751404568
-0.1499999999999997,-0.6499999999999997,0.6776373197059413
-0.1499999999999997,-0.5999999999999996,0.6748172578151311
-0.1499999999999997,-0.5499999999999996,0.6300403272576492
-0.1499999999999997,-0.4999999999999996,0.546090540702021
-0.1499999999999997,-0.4499999999999996,0.42818748927209194
-0.1499999999999997,-0.39999999999999963,0.2836618136516257
-0.1499999999999997,-0.34999999999999964,0.1214994203519686
-0.1499999999999997,-0.29999999999999966,-0.048217218432294665
-0.1499999999999997,-0.24999999999999967,-0.21493594411074013
-0.1499999999999997,-0.19999999999999968,-0.3682909938097072
-0.1499999999999997,-0.1499999999999997,-0.49874749330202706
-0.1499999999999997,-0.09999999999999969,-0.598194289305054
-0.1499999999999997,-0.049999999999999684,-0.6604482617060489
-0.1499999999999997,3.191891195797325E-16,-0.681638760023333
-0.1499999999999997,0.05000000000000032,-0.6604482617060484
-0.1499999999999997,0.10000000000000032,-0.598194289305053
-0.1499999999999997,0.15000000000000033,-0.4987474933020256
-0.1499999999999997,0.20000000000000034,-0.3682909938097053
-0.1499999999999997,0.25000000000000033,-0.21493594411073783
-0.1499999999999997,0.3000000000000003,-0.0482172184322924
-0.1499999999999997,0.3500000000000003,0.12149942035197084
-0.1499999999999997,0.4000000000000003,0.28366181365162757
-0.1499999999999997,0.4500000000000003,0.4281874892720936
-0.1499999999999997,0.5000000000000003,0.5460905407020225
-0.1499999999999997,0.5500000000000004,0.6300403272576501
-0.1499999999999997,0.6000000000000004,0.6748172578151316
-0.1499999999999997,0.6500000000000005,0.6776373197059411
-0.1499999999999997,0.7000000000000005,0.638325175140456
-0.1499999999999997,0.7500000000000006,0.5593250628624802
-0.1499999999999997,0.8000000000000006,0.44554882722263267
-0.1499999999999997,0.8500000000000006,0.3040705234867566
-0.1499999999999997,0.9000000000000007,0.1436865873421215
-0.1499999999999997,0.9500000000000007,-0.02563108486877055
-0.09999999999999969,-1.0,-0.13599489604735218
-0.09999999999999969,-0.95,-0.018027432400995694
-0.09999999999999969,-0.8999999999999999,0.1010608896776048
-0.09999999999999969,-0.8499999999999999,0.21386573511651685
-0.09999999999999969,-0.7999999999999998,0.31337344498773806
-0.09999999999999969,-0.7499999999999998,0.39339711184923665
-0.09999999999999969,-0.6999999999999997,0.44896125168389667
-0.09999999999999969,-0.6499999999999997,0.47661115539733645
-0.09999999999999969,-0.5999999999999996,0.47462768589678667
-0.09999999999999969,-0.5499999999999996,0.4431341657090132
-0.09999999999999969,-0.4999999999999996,0.3840887093829056
-0.09999999999999969,-0.4499999999999996,0.30116247741080104
-0.09999999999999969,-0.39999999999999963,0.19951142125004764
-0.09999999999999969,-0.34999999999999964,0.0854557112338314
-0.09999999999999969,-0.29999999999999966,-0.033913221008893345
-0.09999999999999969,-0.24999999999999967,-0.15117359342530173
-0.09999999999999969,-0.19999999999999968,-0.25903472399992555
-0.09999999999999969,-0.1499999999999997,-0.3507903300505311
-0.09999999999999969,-0.09999999999999969,-0.42073549240394736
-0.09999999999999969,-0.049999999999999684,-0.4645213596389274
-0.09999999999999969,3.191891195797325E-16,-0.4794255386042016
-0.09999999999999969,0.05000000000000032,-0.46452135963892704
-0.09999999999999969,0.10000000000000032,-0.42073549240394664
-0.09999999999999969,0.15000000000000033,-0.3507903300505301
-0.09999999999999969,0.20000000000000034,-0.2590347239999242
-0.09999999999999969,0.25000000000000033,-0.1511735934253001
-0.09999999999999969,0.3000000000000003,-0.033913221008891756
-0.09999999999999969,0.3500000000000003,0.08545571123383297
-0.09999999999999969,0.4000000000000003,0.19951142125004895
-0.09999999999999969,0.4500000000000003,0.3011624774108022
-0.09999999999999969,0.5000000000000003,0.3840887093829067
-0.09999999999999969,0.5500000000000004,0.44313416570901387
-0.09999999999999969,0.6000000000000004,0.47462768589678694
-0.09999999999999969,0.6500000000000005,0.4766111553973363
-0.09999999999999969,0.7000000000000005,0.448961251683896
-0.09999999999999969,0.7500000000000006,0.3933971118492357
-0.09999999999999969,0.8000000000000006,0.3133734449877367
-0.09999999999999969,0.8500000000000006,0.21386573511651494
-0.09999999999999969,0.9000000000000007,0.10106088967760316
-0.09999999999999969,0.9500000000000007,-0.018027432400997398
-0.049999999999999684,-1.0,-0.07017914777439252
-0.049999999999999684,-0.95,-0.009302921500979236
-0.049999999999999684,-0.8999999999999999,0.052151715373396884
-0.049999999999999684,-0.8499999999999999,0.11036381117858392
-0.049999999999999684,-0.7999999999999998,0.16171401974311905
-0.049999999999999684,-0.7499999999999998,0.20300963380915307
-0.049999999999999684,-0.6999999999999997,0.23168309210611637
-0.049999999999999684,-0.6499999999999997,0.24595161787474207
-0.049999999999999684,-0.5999999999999996,0.24492806329121847
-0.049999999999999684,-0.5499999999999996,0.22867606802204307
-0.049999999999999684,-0.4999999999999996,0.1982061024177933
-0.049999999999999684,-0.4499999999999996,0.1554126413608613
-0.049999999999999684,-0.39999999999999963,0.1029563749930068
-0.049999999999999684,-0.34999999999999964,0.04409877988918566
-0.049999999999999684,-0.29999999999999966,-0.017500663759175673
-0.049999999999999684,-0.24999999999999967,-0.0780120008980789
-0.049999999999999684,-0.19999999999999968,-0.1336729296661255
-0.049999999999999684,-0.1499999999999997,-0.1810227231018459
-0.049999999999999684,-0.09999999999999969,-0.21711740038440447
-0.049999999999999684,-0.049999999999999684,-0.23971276930210011
-0.049999999999999684,3.191891195797325E-16,-0.2474039592545214
-0.049999999999999684,0.05000000000000032,-0.23971276930209992
-0.049999999999999684,0.10000000000000032,-0.21711740038440408
-0.049999999999999684,0.15000000000000033,-0.18102272310184536
-0.049999999999999684,0.20000000000000034,-0.13367292966612482
-0.049999999999999684,0.25000000000000033,-0.07801200089807805
-0.049999999999999684,0.3000000000000003,-0.01750066375917485
-0.049999999999999684,0.3500000000000003,0.04409877988918647
-0.049999999999999684,0.4000000000000003,0.10295637499300749
-0.049999999999999684,0.4500000000000003,0.15541264136086191
-0.049999999999999684,0.5000000000000003,0.19820610241779382
-0.049999999999999684,0.5500000000000004,0.2286760680220434
-0.049999999999999684,0.6000000000000004,0.2449280632912186
-0.049999999999999684,0.6500000000000005,0.24595161787474198
-0.049999999999999684,0.7000000000000005,0.23168309210611607
-0.049999999999999684,0.7500000000000006,0.20300963380915257
-0.049999999999999684,0.8000000000000006,0.1617140197431184
-0.049999999999999684,0.8500000000000006,0.11036381117858293
-0.049999999999999684,0.9000000000000007,0.05215171537339603
-0.049999999999999684,0.9500000000000007,-0.009302921500980115
3.191891195797325E-16,-1.0,4.527094161803499E-16
3.191891195797325E-16,-0.95,6.001099037307866E-17
3.191891195797325E-16,-0.8999999999999999,-3.3641862815708224E-16
3.191891195797325E-16,-0.8499999999999999,-7.119313658055829E-16
3.191891195797325E-16,-0.7999999999999998,-1.043179659311825E-15
3.191891195797325E-16,-0.7499999999999998,-1.3095680941606284E-15
3.191891195797325E-16,-0.6999999999999997,-1.4945339277045115E-15
3.191891195797325E-16,-0.6499999999999997,-1.5865768802811713E-15
3.191891195797325E-16,-0.5999999999999996,-1.5799741669021872E-15
3.191891195797325E-16,-0.5499999999999996,-1.475136312305742E-15
3.191891195797325E-16,-0.4999999999999996,-1.2785816265167457E-15
3.191891195797325E-16,-0.4499999999999996,-1.0025309279004084E-15
3.191891195797325E-16,-0.39999999999999963,-6.641477118668636E-16
3.191891195797325E-16,-0.34999999999999964,-2.844710078566041E-16
3.191891195797325E-16,-0.29999999999999966,1.1289272560924322E-16
3.191891195797325E-16,-0.24999999999999967,5.032373361837385E-16
3.191891195797325E-16,-0.19999999999999968,8.622930865847563E-16
3.191891195797325E-16,-0.1499999999999997,1.1677356293106278E-15
3.191891195797325E-16,-0.09999999999999969,1.400574026441572E-15
3.191891195797325E-16,-0.049999999999999684,1.5463315141784366E-15
3.191891195797325E-16,3.191891195797325E-16,1.5959455978986625E-15
3.191891195797325E-16,0.05000000000000032,1.5463315141784354E-15
3.191891195797325E-16,0.10000000000000032,1.4005740264415696E-15
3.191891195797325E-16,0.15000000000000033,1.1677356293106244E-15
3.191891195797325E-16,0.20000000000000034,8.622930865847518E-16
3.191891195797325E-16,0.25000000000000033,5.032373361837331E-16
3.191891195797325E-16,0.3000000000000003,1.1289272560923792E-16
3.191891195797325E-16,0.3500000000000003,-2.8447100785660934E-16
3.191891195797325E-16,0.4000000000000003,-6.64147711866868E-16
3.191891195797325E-16,0.4500000000000003,-1.0025309279004124E-15
3.191891195797325E-16,0.5000000000000003,-1.278581626516749E-15
3.191891195797325E-16,0.5500000000000004,-1.475136312305744E-15
3.191891195797325E-16,0.6000000000000004,-1.579974166902188E-15
3.191891195797325E-16,0.6500000000000005,-1.5865768802811707E-15
3.191891195797325E-16,0.7000000000000005,-1.4945339277045094E-15
3.191891195797325E-16,0.7500000000000006,-1.309568094160625E-15
3.191891195797325E-16,0.8000000000000006,-1.0431796593118206E-15
3.191891195797325E-16,0.8500000000000006,-7.119313658055765E-16
3.191891195797325E-16,0.9000000000000007,-3.364186281570767E-16
3.191891195797325E-16,0.9500000000000007,6.001099037308433E-17
0.05000000000000032,-1.0,0.0701791477743934
0.05000000000000032,-0.95,0.009302921500979352
0.05000000000000032,-0.8999999999999999,-0.052151715373397536
0.05000000000000032,-0.8499999999999999,-0.11036381117858529
0.05000000000000032,-0.7999999999999998,-0.16171401974312108
0.05000000000000032,-0.7499999999999998,-0.2030096338091556
0.05000000000000032,-0.6999999999999997,-0.23168309210611926
0.05000000000000032,-0.6499999999999997,-0.24595161787474512
0.05000000000000032,-0.5999999999999996,-0.24492806329122152
0.05000000000000032,-0.5499999999999996,-0.22867606802204593
0.05000000000000032,-0.4999999999999996,-0.19820610241779577
0.05000000000000032,-0.4499999999999996,-0.15541264136086325
0.05000000000000032,-0.39999999999999963,-0.10295637499300808
0.05000000000000032,-0.34999999999999964,-0.044098779889186215
0.05000000000000032,-0.29999999999999966,0.017500663759175892
0.05000000000000032,-0.24999999999999967,0.07801200089807987
0.05000000000000032,-0.19999999999999968,0.13367292966612718
0.05000000000000032,-0.1499999999999997,0.18102272310184814
0.05000000000000032,-0.09999999999999969,0.21711740038440716
0.05000000000000032,-0.049999999999999684,0.2397127693021031
0.05000000000000032,3.191891195797325E-16,0.2474039592545245
0.05000000000000032,0.05000000000000032,0.23971276930210292
0.05000000000000032,0.10000000000000032,0.21711740038440677
0.05000000000000032,0.15000000000000033,0.1810227231018476
0.05000000000000032,0.20000000000000034,0.13367292966612648
0.05000000000000032,0.25000000000000033,0.07801200089807903
0.05000000000000032,0.3000000000000003,0.01750066375917507
0.05000000000000032,0.3500000000000003,-0.04409877988918702
0.05000000000000032,0.4000000000000003,-0.10295637499300878
0.05000000000000032,0.4500000000000003,-0.15541264136086383
0.05000000000000032,0.5000000000000003,-0.1982061024177963
0.05000000000000032,0.5500000000000004,-0.22867606802204624
0.05000000000000032,0.6000000000000004,-0.24492806329122166
0.05000000000000032,0.6500000000000005,-0.24595161787474504
0.05000000000000032,0.7000000000000005,-0.23168309210611895
0.05000000000000032,0.7500000000000006,-0.2030096338091551
0.05000000000000032,0.8000000000000006,-0.1617140197431204
0.05000000000000032,0.8500000000000006,-0.1103638111785843
0.05000000000000032,0.9000000000000007,-0.052151715373396676
0.05000000000000032,0.9500000000000007,0.00930292150098023
0.10000000000000032,-1.0,0.135994896047353
0.10000000000000032,-0.95,0.018027432400995802
0.10000000000000032,-0.8999999999999999,-0.1010608896776054
0.10000000000000032,-0.8499999999999999,-0.21386573511651813
0.10000000000000032,-0.7999999999999998,-0.3133734449877399
0.10000000000000032,-0.7499999999999998,-0.393397111849239
0.10000000000000032,-0.6999999999999997,-0.44896125168389933
0.10000000000000032,-0.6499999999999997,-0.4766111553973392
0.10000000000000032,-0.5999999999999996,-0.4746276858967895
0.10000000000000032,-0.5499999999999996,-0.4431341657090158
0.10000000000000032,-0.4999999999999996,-0.3840887093829079
0.10000000000000032,-0.4499999999999996,-0.3011624774108028
0.10000000000000032,-0.39999999999999963,-0.1995114212500488
0.10000000000000032,-0.34999999999999964,-0.0854557112338319
0.10000000000000032,-0.29999999999999966,0.033913221008893546
0.10000000000000032,-0.24999999999999967,0.15117359342530262
0.10000000000000032,-0.19999999999999968,0.2590347239999271
0.10000000000000032,-0.1499999999999997,0.3507903300505332
0.10000000000000032,-0.09999999999999969,0.42073549240394986
0.10000000000000032,-0.049999999999999684,0.46452135963893015
0.10000000000000032,3.191891195797325E-16,0.47942553860420445
0.10000000000000032,0.05000000000000032,0.46452135963892977
0.10000000000000032,0.10000000000000032,0.42073549240394914
0.10000000000000032,0.15000000000000033,0.3507903300505322
0.10000000000000032,0.20000000000000034,0.2590347239999258
0.10000000000000032,0.25000000000000033,0.151173593425301
0.10000000000000032,0.3000000000000003,0.03391322100889196
0.10000000000000032,0.3500000000000003,-0.08545571123383347
0.10000000000000032,0.4000000000000003,-0.19951142125005014
0.10000000000000032,0.4500000000000003,-0.301162477410804
0.10000000000000032,0.5000000000000003,-0.3840887093829089
0.10000000000000032,0.5500000000000004,-0.4431341657090165
0.10000000000000032,0.6000000000000004,-0.4746276858967897
0.10000000000000032,0.6500000000000005,-0.47661115539733906
0.10000000000000032,0.7000000000000005,-0.44896125168389867
0.10000000000000032,0.7500000000000006,-0.39339711184923803
0.10000000000000032,0.8000000000000006,-0.3133734449877386
0.10000000000000032,0.8500000000000006,-0.2138657351165162
0.10000000000000032,0.9000000000000007,-0.10106088967760375
0.10000000000000032,0.9500000000000007,0.018027432400997506
0.15000000000000033,-1.0,0.19335514036466292
0.15000000000000033,-0.95,0.025631084868768216
0.15000000000000033,-0.8999999999999999,-0.14368658734212436
0.15000000000000033,-0.8499999999999999,-0.3040705234867604
0.15000000000000033,-0.7999999999999998,-0.445548827222636
0.15000000000000033,-0.7499999999999998,-0.5593250628624834
0.15000000000000033,-0.6999999999999997,-0.6383251751404591
0.15000000000000033,-0.6499999999999997,-0.6776373197059437
0.15000000000000033,-0.5999999999999996,-0.6748172578151335
0.15000000000000033,-0.5499999999999996,-0.6300403272576515
0.15000000000000033,-0.4999999999999996,-0.5460905407020229
0.15000000000000033,-0.4499999999999996,-0.4281874892720934
0.15000000000000033,-0.39999999999999963,-0.2836618136516267
0.15000000000000033,-0.34999999999999964,-0.12149942035196902
0.15000000000000033,-0.29999999999999966,0.04821721843229483
0.15000000000000033,-0.24999999999999967,0.21493594411074085
0.15000000000000033,-0.19999999999999968,0.3682909938097085
0.15000000000000033,-0.1499999999999997,0.4987474933020288
0.15000000000000033,-0.09999999999999969,0.5981942893050561
0.15000000000000033,-0.049999999999999684,0.6604482617060512
0.15000000000000033,3.191891195797325E-16,0.6816387600233353
0.15000000000000033,0.05000000000000032,0.6604482617060506
0.15000000000000033,0.10000000000000032,0.598194289305055
0.15000000000000033,0.15000000000000033,0.49874749330202733
0.15000000000000033,0.20000000000000034,0.3682909938097066
0.15000000000000033,0.25000000000000033,0.21493594411073855
0.15000000000000033,0.3000000000000003,0.04821721843229257
0.15000000000000033,0.3500000000000003,-0.12149942035197125
0.15000000000000033,0.4000000000000003,-0.28366181365162857
0.15000000000000033,0.4500000000000003,-0.42818748927209505
0.15000000000000033,0.5000000000000003,-0.5460905407020243
0.15000000000000033,0.5500000000000004,-0.6300403272576524
0.15000000000000033,0.6000000000000004,-0.6748172578151339
0.15000000000000033,0.6500000000000005,-0.6776373197059434
0.15000000000000033,0.7000000000000005,-0.6383251751404581
0.15000000000000033,0.7500000000000006,-0.5593250628624821
0.15000000000000033,0.8000000000000006,-0.4455488272226342
0.15000000000000033,0.8500000000000006,-0.30407052348675767
0.15000000000000033,0.9000000000000007,-0.143686587342122
0.15000000000000033,0.9500000000000007,0.025631084868770637
0.20000000000000034,-1.0,0.23869349855450145
0.20000000000000034,-0.95,0.031641120621542757
0.20000000000000034,-0.8999999999999999,-0.17737854894038624
0.20000000000000034,-0.8499999999999999,-0.37536967944824295
0.20000000000000034,-0.7999999999999998,-0.5500221413615041
0.20000000000000034,-0.7499999999999998,-0.6904768905138561
0.20000000000000034,-0.6999999999999997,-0.7880011308845281
0.20000000000000034,-0.6499999999999997,-0.8365312775582535
0.20000000000000034,-0.5999999999999996,-0.8330499610668057
0.20000000000000034,-0.5499999999999996,-0.7777736328081407
0.20000000000000034,-0.4999999999999996,-0.6741391071468371
0.20000000000000034,-0.4499999999999996,-0.5285898769428468
0.20000000000000034,-0.39999999999999963,-0.35017548837401374
0.20000000000000034,-0.34999999999999964,-0.14998888398549995
0.20000000000000034,-0.29999999999999966,0.05952330274987831
0.20000000000000034,-0.24999999999999967,0.2653346188167009
0.20000000000000034,-0.19999999999999968,0.45464871341284246
0.20000000000000034,-0.1499999999999997,0.6156949530642315
0.20000000000000034,-0.09999999999999969,0.7384602626041302
0.20000000000000034,-0.049999999999999684,0.8153116896894614
0.20000000000000034,3.191891195797325E-16,0.8414709848078975
0.20000000000000034,0.05000000000000032,0.8153116896894609
0.20000000000000034,0.10000000000000032,0.7384602626041289
0.20000000000000034,0.15000000000000033,0.6156949530642297
0.20000000000000034,0.20000000000000034,0.45464871341284013
0.20000000000000034,0.25000000000000033,0.265334618816698
0.20000000000000034,0.3000000000000003,0.059523302749875516
0.20000000000000034,0.3500000000000003,-0.1499888839855027
0.20000000000000034,0.4000000000000003,-0.3501754883740161
0.20000000000000034,0.4500000000000003,-0.5285898769428488
0.20000000000000034,0.5000000000000003,-0.6741391071468389
0.20000000000000034,0.5500000000000004,-0.7777736328081418
0.20000000000000034,0.6000000000000004,-0.8330499610668062
0.20000000000000034,0.6500000000000005,-0.8365312775582532
0.20000000000000034,0.7000000000000005,-0.788001130884527
0.20000000000000034,0.7500000000000006,-0.6904768905138544
0.20000000000000034,0.8000000000000006,-0.5500221413615018
0.20000000000000034,0.8500000000000006,-0.37536967944823957
0.20000000000000034,0.9000000000000007,-0.17737854894038332
0.20000000000000034,0.9500000000000007,0.03164112062154575
0.25000000000000033,-1.0,0.2691910510973936
0.25000000000000033,-0.95,0.03568386474534701
0.25000000000000033,-0.8999999999999999,-0.2000419714845751
0.25000000000000033,-0.8499999999999999,-0.4233301668151306
0.25000000000000033,-0.7999999999999998,-0.6202977427394629
0.25000000000000033,-0.7499999999999998,-0.7786982093835484
0.25000000000000033,-0.6999999999999997,-0.8886829929316505
0.25000000000000033,-0.6499999999999997,-0.94341377224539
0.25000000000000033,-0.5999999999999996,-0.9394876525512605
0.25000000000000033,-0.5499999999999996,-0.8771487409559913
0.25000000000000033,-0.4999999999999996,-0.7602729690489645
0.25000000000000033,-0.4499999999999996,-0.5961271062487572
0.25000000000000033,-0.39999999999999963,-0.39491694727672
0.25000000000000033,-0.34999999999999964,-0.16915276527216633
0.25000000000000033,-0.29999999999999966,0.0671285163989061
0.25000000000000033,-0.24999999999999967,0.29923607205198
0.25000000000000033,-0.19999999999999968,0.5127385780712236
0.25000000000000033,-0.1499999999999997,0.6943614827149437
0.25000000000000033,-0.09999999999999969,0.8328123534486367
0.25000000000000033,-0.049999999999999684,0.9194829857059764
0.25000000000000033,3.191891195797325E-16,0.9489846193555868
0.25000000000000033,0.05000000000000032,0.9194829857059756
0.25000000000000033,0.10000000000000032,0.8328123534486352
0.25000000000000033,0.15000000000000033,0.6943614827149417
0.25000000000000033,0.20000000000000034,0.5127385780712209
0.25000000000000033,0.25000000000000033,0.2992360720519768
0.25000000000000033,0.3000000000000003,0.06712851639890295
0.25000000000000033,0.3500000000000003,-0.16915276527216944
0.25000000000000033,0.4000000000000003,-0.3949169472767226
0.25000000000000033,0.4500000000000003,-0.5961271062487595
0.25000000000000033,0.5000000000000003,-0.7602729690489665
0.25000000000000033,0.5500000000000004,-0.8771487409559925
0.25000000000000033,0.6000000000000004,-0.939487652551261
0.25000000000000033,0.6500000000000005,-0.9434137722453897
0.25000000000000033,0.7000000000000005,-0.8886829929316492
0.25000000000000033,0.7500000000000006,-0.7786982093835465
0.25000000000000033,0.8000000000000006,-0.6202977427394604
0.25000000000000033,0.8500000000000006,-0.42333016681512675
0.25000000000000033,0.9000000000000007,-0.20004197148457178
0.25000000000000033,0.9500000000000007,0.03568386474535038
0.3000000000000003,-1.0,0.2829516078887177
0.3000000000000003,-0.95,0.037507958991275785
0.3000000000000003,-0.8999999999999999,-0.21026775312939655
0.3000000000000003,-0.8499999999999999,-0.4449700347757959
0.3000000000000003,-0.7999999999999998,-0.652006234837175
0.3000000000000003,-0.7499999999999998,-0.8185038451572573
0.3000000000000003,-0.6999999999999997,-0.9341108507444107
0.3000000000000003,-0.6499999999999997,-0.9916393679246577
0.3000000000000003,-0.5999999999999996,-0.9875125521345756
0.3000000000000003,-0.5499999999999996,-0.9219869887920843
0.3000000000000003,-0.4999999999999996,-0.7991367400579115
0.3000000000000003,-0.4499999999999996,-0.6266000393828377
0.3000000000000003,-0.39999999999999963,-0.4151043831469099
0.3000000000000003,-0.34999999999999964,-0.17779954689231392
0.3000000000000003,-0.29999999999999966,0.07056000402993538
0.3000000000000003,-0.24999999999999967,0.314532475653429
0.3000000000000003,-0.19999999999999968,0.538948841354081
0.3000000000000003,-0.1499999999999997,0.7298559784556288
0.3000000000000003,-0.09999999999999969,0.8753842058167899
0.3000000000000003,-0.049999999999999684,0.9664852831147621
0.3000000000000003,3.191891195797325E-16,0.9974949866040546
0.3000000000000003,0.05000000000000032,0.9664852831147613
0.3000000000000003,0.10000000000000032,0.8753842058167883
0.3000000000000003,0.15000000000000033,0.7298559784556267
0.3000000000000003,0.20000000000000034,0.5389488413540783
0.3000000000000003,0.25000000000000033,0.3145324756534256
0.3000000000000003,0.3000000000000003,0.07056000402993208
0.3000000000000003,0.3500000000000003,-0.1777995468923172
0.3000000000000003,0.4000000000000003,-0.41510438314691267
0.3000000000000003,0.4500000000000003,-0.62660003938284
0.3000000000000003,0.5000000000000003,-0.7991367400579136
0.3000000000000003,0.5500000000000004,-0.9219869887920856
0.3000000000000003,0.6000000000000004,-0.9875125521345761
0.3000000000000003,0.6500000000000005,-0.9916393679246573
0.3000000000000003,0.7000000000000005,-0.9341108507444094
0.3000000000000003,0.7500000000000006,-0.8185038451572553
0.3000000000000003,0.8000000000000006,-0.6520062348371723
0.3000000000000003,0.8500000000000006,-0.4449700347757919
0.3000000000000003,0.9000000000000007,-0.2102677531293931
0.3000000000000003,0.9500000000000007,0.03750795899127933
0.3500000000000003,-1.0,0.2791196041553629
0.3500000000000003,-0.95,0.03699999001397414
0.3500000000000003,-0.8999999999999999,-0.20742010429994417
0.3500000000000003,-0.8499999999999999,-0.4389438211514418
0.3500000000000003,-0.7999999999999998,-0.6431761371935902
0.3500000000000003,-0.7499999999999998,-0.807418876198037
0.3500000000000003,-0.6999999999999997,-0.9214602201502646
0.3500000000000003,-0.6499999999999997,-0.9782096306335963
0.3500000000000003,-0.5999999999999996,-0.9741387041654815
0.3500000000000003,-0.5499999999999996,-0.9095005512364959
0.3500000000000003,-0.4999999999999996,-0.7883140591259576
0.3500000000000003,-0.4499999999999996,-0.618114016956064
0.3500000000000003,-0.39999999999999963,-0.4094826389984317
0.3500000000000003,-0.34999999999999964,-0.17539161384480814
0.3500000000000003,-0.29999999999999966,0.069604412362209
0.3500000000000003,-0.24999999999999967,0.3102727733320367
0.3500000000000003,-0.19999999999999968,0.531649876037834
0.3500000000000003,-0.1499999999999997,0.7199715644559272
0.3500000000000003,-0.09999999999999969,0.8635289081217542
0.3500000000000003,-0.049999999999999684,0.9533962067148681
0.3500000000000003,3.191891195797325E-16,0.9839859468739366
0.3500000000000003,0.05000000000000032,0.9533962067148674
0.3500000000000003,0.10000000000000032,0.8635289081217526
0.3500000000000003,0.15000000000000033,0.7199715644559251
0.3500000000000003,0.20000000000000034,0.5316498760378313
0.3500000000000003,0.25000000000000033,0.31027277333203335
0.3500000000000003,0.3000000000000003,0.06960441236220573
0.3500000000000003,0.3500000000000003,-0.17539161384481136
0.3500000000000003,0.4000000000000003,-0.4094826389984344
0.3500000000000003,0.4500000000000003,-0.6181140169560665
0.3500000000000003,0.5000000000000003,-0.7883140591259596
0.3500000000000003,0.5500000000000004,-0.9095005512364972
0.3500000000000003,0.6000000000000004,-0.9741387041654821
0.3500000000000003,0.6500000000000005,-0.978209630633596
0.3500000000000003,0.7000000000000005,-0.9214602201502633
0.3500000000000003,0.7500000000000006,-0.8074188761980351
0.3500000000000003,0.8000000000000006,-0.6431761371935877
0.3500000000000003,0.8500000000000006,-0.4389438211514379
0.3500000000000003,0.9000000000000007,-0.20742010429994076
0.3500000000000003,0.9500000000000007,0.036999990013977635
0.4000000000000003,-1.0,0.25793329532946074
0.4000000000000003,-0.95,0.03419154086414294
0.4000000000000003,-0.8999999999999999,-0.19167607800807035
0.4000000000000003,-0.8499999999999999,-0.4056262067177395
0.4000000000000003,-0.7999999999999998,-0.594356462512304
0.4000000000000003,-0.7499999999999998,-0.7461325121865976
0.4000000000000003,-0.6999999999999997,-0.8515176560872231
0.4000000000000003,-0.6499999999999997,-0.9039595563910887
0.4000000000000003,-0.5999999999999996,-0.9001976297355168
0.4000000000000003,-0.5499999999999996,-0.840465774499355
0.4000000000000003,-0.4999999999999996,-0.7284778281346487
0.4000000000000003,-0.4499999999999996,-0.5711966587415516
0.4000000000000003,-0.39999999999999963,-0.37840124765396244
0.4000000000000003,-0.34999999999999964,-0.16207867974390874
0.4000000000000003,-0.29999999999999966,0.06432115545729315
0.4000000000000003,-0.24999999999999967,0.28672181274661424
0.4000000000000003,-0.19999999999999968,0.4912954964338827
0.4000000000000003,-0.1499999999999997,0.6653228057039595
0.4000000000000003,-0.09999999999999969,0.7979835653540056
0.4000000000000003,-0.049999999999999684,0.8810295718809289
0.4000000000000003,3.191891195797325E-16,0.9092974268256812
0.4000000000000003,0.05000000000000032,0.8810295718809282
0.4000000000000003,0.10000000000000032,0.7979835653540042
0.4000000000000003,0.15000000000000033,0.6653228057039575
0.4000000000000003,0.20000000000000034,0.4912954964338802
0.4000000000000003,0.25000000000000033,0.2867218127466112
0.4000000000000003,0.3000000000000003,0.06432115545729013
0.4000000000000003,0.3500000000000003,-0.1620786797439117
0.4000000000000003,0.4000000000000003,-0.378401247653965
0.4000000000000003,0.4500000000000003,-0.5711966587415538
0.4000000000000003,0.5000000000000003,-0.7284778281346506
0.4000000000000003,0.5500000000000004,-0.8404657744993562
0.4000000000000003,0.6000000000000004,-0.9001976297355172
0.4000000000000003,0.6500000000000005,-0.9039595563910884
0.4000000000000003,0.7000000000000005,-0.8515176560872219
0.4000000000000003,0.7500000000000006,-0.7461325121865958
0.4000000000000003,0.8000000000000006,-0.5943564625123017
0.4000000000000003,0.8500000000000006,-0.40562620671773586
0.4000000000000003,0.9000000000000007,-0.1916760780080672
0.4000000000000003,0.9500000000000007,0.034191540864146164
0.4500000000000003,-1.0,0.22070994347958664
0.4500000000000003,-0.95,0.029257227307416266
0.4500000000000003,-0.8999999999999999,-0.16401456155365163
0.4500000000000003,-0.8499999999999999,-0.3470887193689333
0.4500000000000003,-0.7999999999999998,-0.5085825817107469
0.4500000000000003,-0.7499999999999998,-0.6384552424014899
0.4500000000000003,-0.6999999999999997,-0.7286318484274219
0.4500000000000003,-0.6499999999999997,-0.7735056551891435
0.4500000000000003,-0.5999999999999996,-0.7702866267249621
0.4500000000000003,-0.5499999999999996,-0.7191749066336695
0.4500000000000003,-0.4999999999999996,-0.623348374114949
0.4500000000000003,-0.4499999999999996,-0.48876505883254695
0.4500000000000003,-0.39999999999999963,-0.3237926994870287
0.4500000000000003,-0.34999999999999964,-0.13868847835186113
0.4500000000000003,-0.29999999999999966,0.055038720640496516
0.4500000000000003,-0.24999999999999967,0.24534387855913936
0.4500000000000003,-0.19999999999999968,0.42039474241273944
0.4500000000000003,-0.1499999999999997,0.5693074973319611
0.4500000000000003,-0.09999999999999969,0.6828234694631341
0.4500000000000003,-0.049999999999999684,0.7538847854648186
0.4500000000000003,3.191891195797325E-16,0.7780731968879204
0.4500000000000003,0.05000000000000032,0.753884785464818
0.4500000000000003,0.10000000000000032,0.6828234694631329
0.4500000000000003,0.15000000000000033,0.5693074973319594
0.4500000000000003,0.20000000000000034,0.42039474241273733
0.4500000000000003,0.25000000000000033,0.24534387855913675
0.4500000000000003,0.3000000000000003,0.055038720640493935
0.4500000000000003,0.3500000000000003,-0.13868847835186365
0.4500000000000003,0.4000000000000003,-0.3237926994870309
0.4500000000000003,0.4500000000000003,-0.48876505883254884
0.4500000000000003,0.5000000000000003,-0.6233483741149506
0.4500000000000003,0.5500000000000004,-0.7191749066336706
0.4500000000000003,0.6000000000000004,-0.7702866267249625
0.4500000000000003,0.6500000000000005,-0.7735056551891433
0.4500000000000003,0.7000000000000005,-0.7286318484274208
0.4500000000000003,0.7500000000000006,-0.6384552424014883
0.4500000000000003,0.8000000000000006,-0.5085825817107448
0.4500000000000003,0.8500000000000006,-0.3470887193689302
0.4500000000000003,0.9000000000000007,-0.16401456155364894
0.4500000000000003,0.9500000000000007,0.02925722730741903
0.5000000000000003,-1.0,0.16976391633539079
0.5000000000000003,-0.95,0.022503841061792054
0.5000000000000003,-0.8999999999999999,-0.126155414053446
0.5000000000000003,-0.8499999999999999,-0.2669709365466595
0.5000000000000003,-0.7999999999999998,-0.39118749925811896
0.5000000000000003,-0.7499999999999998,-0.4910819179515707
0.5000000000000003,-0.6999999999999997,-0.5604432415034102
0.5000000000000003,-0.6499999999999997,-0.5949589187612949
0.5000000000000003,-0.5999999999999996,-0.592482932087296
0.5000000000000003,-0.5499999999999996,-0.5531692263405558
0.5000000000000003,-0.4999999999999996,-0.4794621373315675
0.5000000000000003,-0.4499999999999996,-0.3759444148604258
0.5000000000000003,-0.39999999999999963,-0.2490522895304455
0.5000000000000003,-0.34999999999999964,-0.10667529910262338
0.5000000000000003,-0.29999999999999966,0.04233424474998509
0.5000000000000003,-0.24999999999999967,0.1887116503066218
0.5000000000000003,-0.19999999999999968,0.3233558794572173
0.5000000000000003,-0.1499999999999997,0.43789540617191386
0.5000000000000003,-0.09999999999999969,0.5252087174427736
0.5000000000000003,-0.049999999999999684,0.5798670944701254
0.5000000000000003,3.191891195797325E-16,0.5984721441039551
0.5000000000000003,0.05000000000000032,0.5798670944701249
0.5000000000000003,0.10000000000000032,0.5252087174427728
0.5000000000000003,0.15000000000000033,0.4378954061719126
0.5000000000000003,0.20000000000000034,0.32335587945721567
0.5000000000000003,0.25000000000000033,0.18871165030661977
0.5000000000000003,0.3000000000000003,0.0423342447499831
0.5000000000000003,0.3500000000000003,-0.10667529910262534
0.5000000000000003,0.4000000000000003,-0.24905228953044717
0.5000000000000003,0.4500000000000003,-0.37594441486042723
0.5000000000000003,0.5000000000000003,-0.4794621373315688
0.5000000000000003,0.5500000000000004,-0.5531692263405567
0.5000000000000003,0.6000000000000004,-0.5924829320872963
0.5000000000000003,0.6500000000000005,-0.5949589187612948
0.5000000000000003,0.7000000000000005,-0.5604432415034094
0.5000000000000003,0.7500000000000006,-0.49108191795156947
0.5000000000000003,0.8000000000000006,-0.39118749925811735
0.5000000000000003,0.8500000000000006,-0.2669709365466571
0.5000000000000003,0.9000000000000007,-0.12615541405344394
0.5000000000000003,0.9500000000000007,0.02250384106179418
0.5500000000000004,-1.0,0.10826279111162697
0.5500000000000004,-0.95,0.01435127497452852
0.5500000000000004,-0.8999999999999999,-0.08045253393121538
0.5500000000000004,-0.8499999999999999,-0.17025419394263225
0.5500000000000004,-0.7999999999999998,-0.2494702727874835
0.5500000000000004,-0.7499999999999998,-0.31317549836003933
0.5500000000000004,-0.6999999999999997,-0.35740898828544415
0.5500000000000004,-0.6499999999999997,-0.3794205184015629
0.5500000000000004,-0.5999999999999996,-0.3778415183768889
0.5500000000000004,-0.5499999999999996,-0.3527701627851942
0.5500000000000004,-0.4999999999999996,-0.30576526708603285
0.5500000000000004,-0.4499999999999996,-0.23974936802946617
0.5500000000000004,-0.39999999999999963,-0.1588270144760206
0.5500000000000004,-0.34999999999999964,-0.06802956642859931
0.5500000000000004,-0.29999999999999966,0.026997630563501906
0.5500000000000004,-0.24999999999999967,0.12034624564806322
0.5500000000000004,-0.19999999999999968,0.20621231406579615
0.5500000000000004,-0.1499999999999997,0.27925709956803013
0.5500000000000004,-0.09999999999999969,0.3349390311789053
0.5500000000000004,-0.049999999999999684,0.3697960760819104
0.5500000000000004,3.191891195797325E-16,0.38166099205233006
0.5500000000000004,0.05000000000000032,0.3697960760819101
0.5500000000000004,0.10000000000000032,0.33493903117890467
0.5500000000000004,0.15000000000000033,0.2792570995680293
0.5500000000000004,0.20000000000000034,0.2062123140657951
0.5500000000000004,0.25000000000000033,0.12034624564806191
0.5500000000000004,0.3000000000000003,0.02699763056350064
0.5500000000000004,0.3500000000000003,-0.06802956642860056
0.5500000000000004,0.4000000000000003,-0.15882701447602166
0.5500000000000004,0.4500000000000003,-0.2397493680294671
0.5500000000000004,0.5000000000000003,-0.30576526708603363
0.5500000000000004,0.5500000000000004,-0.3527701627851947
0.5500000000000004,0.6000000000000004,-0.3778415183768891
0.5500000000000004,0.6500000000000005,-0.3794205184015627
0.5500000000000004,0.7000000000000005,-0.3574089882854436
0.5500000000000004,0.7500000000000006,-0.31317549836003855
0.5500000000000004,0.8000000000000006,-0.2494702727874825
0.5500000000000004,0.8500000000000006,-0.17025419394263072
0.5500000000000004,0.9000000000000007,-0.08045253393121404
0.5500000000000004,0.9500000000000007,0.014351274974529876
0.6000000000000004,-1.0,0.040030409898849414
0.6000000000000004,-0.95,0.005306416118619528
0.6000000000000004,-0.8999999999999999,-0.02974750491465732
0.6000000000000004,-0.8499999999999999,-0.06295187017203951
0.6000000000000004,-0.7999999999999998,-0.09224219304455236
0.6000000000000004,-0.7499999999999998,-0.11579734312135653
0.6000000000000004,-0.6999999999999997,-0.13215277525819175
0.6000000000000004,-0.6499999999999997,-0.1402915879010377
0.6000000000000004,-0.5999999999999996,-0.1397077490994607
0.6000000000000004,-0.5499999999999996,-0.13043755912236557
0.6000000000000004,-0.4999999999999996,-0.11305739348309254
0.6000000000000004,-0.4499999999999996,-0.08864786670162735
0.6000000000000004,-0.39999999999999963,-0.058726644927619844
0.6000000000000004,-0.34999999999999964,-0.025154084809895224
0.6000000000000004,-0.29999999999999966,0.009982434469478782
0.6000000000000004,-0.24999999999999967,0.04449829432267623
0.6000000000000004,-0.19999999999999968,0.07624746575887571
0.6000000000000004,-0.1499999999999997,0.10325593907278727
0.6000000000000004,-0.09999999999999969,0.1238444582071665
0.6000000000000004,-0.049999999999999684,0.1367329287611096
0.6000000000000004,3.191891195797325E-16,0.14112000805986502
0.6000000000000004,0.05000000000000032,0.13673292876110948
0.6000000000000004,0.10000000000000032,0.12384445820716627
0.6000000000000004,0.15000000000000033,0.10325593907278696
0.6000000000000004,0.20000000000000034,0.07624746575887532
0.6000000000000004,0.25000000000000033,0.04449829432267575
0.6000000000000004,0.3000000000000003,0.009982434469478314
0.6000000000000004,0.3500000000000003,-0.02515408480989569
0.6000000000000004,0.4000000000000003,-0.05872664492762023
0.6000000000000004,0.4500000000000003,-0.08864786670162769
0.6000000000000004,0.5000000000000003,-0.11305739348309285
0.6000000000000004,0.5500000000000004,-0.13043755912236576
0.6000000000000004,0.6000000000000004,-0.1397077490994608
0.6000000000000004,0.6500000000000005,-0.14029158790103766
0.6000000000000004,0.7000000000000005,-0.13215277525819155
0.6000000000000004,0.7500000000000006,-0.11579734312135626
0.6000000000000004,0.8000000000000006,-0.09224219304455199
0.6000000000000004,0.8500000000000006,-0.06295187017203895
0.6000000000000004,0.9000000000000007,-0.02974750491465683
0.6000000000000004,0.9500000000000007,0.005306416118620029
0.6500000000000005,-1.0,-0.03069086831729894
0.6500000000000005,-0.95,-0.004068369990336409
0.6500000000000005,-0.8999999999999999,0.022807079877795417
0.6500000000000005,-0.8499999999999999,0.048264495983422244
0.6500000000000005,-0.7999999999999998,0.07072105949408716
0.6500000000000005,-0.7499999999999998,0.0887805300572949
0.6500000000000005,-0.6999999999999997,0.10132005726304945
0.6500000000000005,-0.6499999999999997,0.10755999404390996
0.6500000000000005,-0.5999999999999996,0.10711237135348521
0.6500000000000005,-0.5499999999999996,0.10000502020264053
0.6500000000000005,-0.4999999999999996,0.08667984126203958
0.6500000000000005,-0.4499999999999996,0.06796532961875353
0.6500000000000005,-0.39999999999999963,0.04502506296449783
0.6500000000000005,-0.34999999999999964,0.019285355970458183
0.6500000000000005,-0.29999999999999966,-0.007653421050720871
0.6500000000000005,-0.24999999999999967,-0.03411634541970855
0.6500000000000005,-0.19999999999999968,-0.058458080670332466
0.6500000000000005,-0.1499999999999997,-0.0791651756019876
0.6500000000000005,-0.09999999999999969,-0.09495016334500804
0.6500000000000005,-0.049999999999999684,-0.10483160981487849
0.6500000000000005,3.191891195797325E-16,-0.10819513453011058
0.6500000000000005,0.05000000000000032,-0.10483160981487841
0.6500000000000005,0.10000000000000032,-0.09495016334500787
0.6500000000000005,0.15000000000000033,-0.07916517560198737
0.6500000000000005,0.20000000000000034,-0.05845808067033217
0.6500000000000005,0.25000000000000033,-0.03411634541970819
0.6500000000000005,0.3000000000000003,-0.007653421050720512
0.6500000000000005,0.3500000000000003,0.019285355970458537
0.6500000000000005,0.4000000000000003,0.04502506296449814
0.6500000000000005,0.4500000000000003,0.0679653296187538
0.6500000000000005,0.5000000000000003,0.0866798412620398
0.6500000000000005,0.5500000000000004,0.10000502020264067
0.6500000000000005,0.6000000000000004,0.10711237135348527
0.6500000000000005,0.6500000000000005,0.10755999404390994
0.6500000000000005,0.7000000000000005,0.10132005726304931
0.6500000000000005,0.7500000000000006,0.0887805300572947
0.6500000000000005,0.8000000000000006,0.07072105949408687
0.6500000000000005,0.8500000000000006,0.048264495983421814
0.6500000000000005,0.9000000000000007,0.022807079877795042
0.6500000000000005,0.9500000000000007,-0.004068369990336794
0.7000000000000005,-1.0,-0.09950393699028277
0.7000000000000005,-0.95,-0.013190204558123069
0.7000000000000005,-0.8999999999999999,0.07394363090774315
0.7000000000000005,-0.8499999999999999,0.15648000954392235
0.7000000000000005,-0.7999999999999998,0.2292872190852698
0.7000000000000005,-0.7499999999999998,0.2878384598784935
0.7000000000000005,-0.6999999999999997,0.32849329935939703
0.7000000000000005,-0.6499999999999997,0.3487240165175728
0.7000000000000005,-0.5999999999999996,0.34727276334601165
0.7000000000000005,-0.5499999999999996,0.32422977173789075
0.7000000000000005,-0.4999999999999996,0.28102774330448693
0.7000000000000005,-0.4499999999999996,0.22035277092816502
0.7000000000000005,-0.39999999999999963,0.14597733051683173
0.7000000000000005,-0.34999999999999964,0.06252572672367226
0.7000000000000005,-0.29999999999999966,-0.024813423918729184
0.7000000000000005,-0.24999999999999967,-0.11060979604372972
0.7000000000000005,-0.19999999999999968,-0.18952898678057206
0.7000000000000005,-0.1499999999999997,-0.2566641830881281
0.7000000000000005,-0.09999999999999969,-0.3078412436240329
0.7000000000000005,-0.049999999999999684,-0.33987822663622863
0.7000000000000005,3.191891195797325E-16,-0.35078322768962233
0.7000000000000005,0.05000000000000032,-0.33987822663622835
0.7000000000000005,0.10000000000000032,-0.3078412436240324
0.7000000000000005,0.15000000000000033,-0.25666418308812733
0.7000000000000005,0.20000000000000034,-0.1895289867805711
0.7000000000000005,0.25000000000000033,-0.11060979604372853
0.7000000000000005,0.3000000000000003,-0.024813423918728022
0.7000000000000005,0.3500000000000003,0.06252572672367342
0.7000000000000005,0.4000000000000003,0.1459773305168327
0.7000000000000005,0.4500000000000003,0.22035277092816588
0.7000000000000005,0.5000000000000003,0.2810277433044877
0.7000000000000005,0.5500000000000004,0.3242297717378912
0.7000000000000005,0.6000000000000004,0.3472727633460118
0.7000000000000005,0.6500000000000005,0.3487240165175727
0.7000000000000005,0.7000000000000005,0.3284932993593966
0.7000000000000005,0.7500000000000006,0.28783845987849277
0.7000000000000005,0.8000000000000006,0.22928721908526886
0.7000000000000005,0.8500000000000006,0.15648000954392097
0.7000000000000005,0.9000000000000007,0.07394363090774193
0.7000000000000005,0.9500000000000007,-0.013190204558124316
0.7500000000000006,-1.0,-0.1621303328006975
0.7500000000000006,-0.95,-0.02149193609220319
0.7500000000000006,-0.8999999999999999,0.1204827251080035
0.7500000000000006,-0.8499999999999999,0.25496635400959083
0.7500000000000006,-0.7999999999999998,0.3735974099283284
0.7500000000000006,-0.7499999999999998,0.4689999883873715
0.7500000000000006,-0.6999999999999997,0.5352424191330165
0.7500000000000006,-0.6499999999999997,0.5682060686614983
0.7500000000000006,-0.5999999999999996,0.5658414169019779
0.7500000000000006,-0.5499999999999996,0.5282954864478576
0.7500000000000006,-0.4999999999999996,0.45790270140401584
0.7500000000000006,-0.4499999999999996,0.35903974420256485
0.7500000000000006,-0.39999999999999963,0.23785343468733927
0.7500000000000006,-0.34999999999999964,0.10187855062764428
0.7500000000000006,-0.29999999999999966,-0.04043064826933656
0.7500000000000006,-0.24999999999999967,-0.18022606527959262
0.7500000000000006,-0.19999999999999968,-0.308815898461525
0.7500000000000006,-0.1499999999999997,-0.4182050548026171
0.7500000000000006,-0.09999999999999969,-0.5015922463793483
0.7500000000000006,-0.049999999999999684,-0.5537928614987764
0.7500000000000006,3.191891195797325E-16,-0.571561318742346
0.7500000000000006,0.05000000000000032,-0.5537928614987759
0.7500000000000006,0.10000000000000032,-0.5015922463793474
0.7500000000000006,0.15000000000000033,-0.4182050548026159
0.7500000000000006,0.20000000000000034,-0.30881589846152346
0.7500000000000006,0.25000000000000033,-0.1802260652795907
0.7500000000000006,0.3000000000000003,-0.040430648269334665
0.7500000000000006,0.3500000000000003,0.10187855062764616
0.7500000000000006,0.4000000000000003,0.23785343468734085
0.7500000000000006,0.4500000000000003,0.35903974420256624
0.7500000000000006,0.5000000000000003,0.45790270140401707
0.7500000000000006,0.5500000000000004,0.5282954864478584
0.7500000000000006,0.6000000000000004,0.5658414169019782
0.7500000000000006,0.6500000000000005,0.5682060686614981
0.7500000000000006,0.7000000000000005,0.5352424191330157
0.7500000000000006,0.7500000000000006,0.46899998838737034
0.7500000000000006,0.8000000000000006,0.3735974099283269
0.7500000000000006,0.8500000000000006,0.25496635400958856
0.7500000000000006,0.9000000000000007,0.12048272510800152
0.7500000000000006,0.9500000000000007,-0.021491936092205222
0.8000000000000006,-1.0,-0.21467624978307046
0.8000000000000006,-0.95,-0.02845740313457094
0.8000000000000006,-0.8999999999999999,0.159530787009644
0.8000000000000006,-0.8499999999999999,0.33760012549241003
0.8000000000000006,-0.7999999999999998,0.49467912331169256
0.8000000000000006,-0.7499999999999998,0.6210013691828513
0.8000000000000006,-0.6999999999999997,0.7087127576894728
0.8000000000000006,-0.6499999999999997,0.7523598195174216
0.8000000000000006,-0.5999999999999996,0.7492287917633443
0.8000000000000006,-0.5499999999999996,0.6995143465681031
0.8000000000000006,-0.4999999999999996,0.6063074873459355
0.8000000000000006,-0.4499999999999996,0.4754033651631901
0.8000000000000006,-0.39999999999999963,0.3149409643133774
0.8000000000000006,-0.34999999999999964,0.13489705969433044
0.8000000000000006,-0.29999999999999966,-0.05353409073321917
0.8000000000000006,-0.24999999999999967,-0.23863675068713197
0.8000000000000006,-0.19999999999999968,-0.4089021333016375
0.8000000000000006,-0.1499999999999997,-0.5537439617527452
0.8000000000000006,-0.09999999999999969,-0.6641566726773604
0.8000000000000006,-0.049999999999999684,-0.7332753384854657
0.8000000000000006,3.191891195797325E-16,-0.75680249530793
0.8000000000000006,0.05000000000000032,-0.733275338485465
0.8000000000000006,0.10000000000000032,-0.6641566726773593
0.8000000000000006,0.15000000000000033,-0.5537439617527435
0.8000000000000006,0.20000000000000034,-0.40890213330163544
0.8000000000000006,0.25000000000000033,-0.23863675068712942
0.8000000000000006,0.3000000000000003,-0.05353409073321666
0.8000000000000006,0.3500000000000003,0.1348970596943329
0.8000000000000006,0.4000000000000003,0.31494096431337953
0.8000000000000006,0.4500000000000003,0.4754033651631919
0.8000000000000006,0.5000000000000003,0.6063074873459372
0.8000000000000006,0.5500000000000004,0.6995143465681041
0.8000000000000006,0.6000000000000004,0.7492287917633448
0.8000000000000006,0.6500000000000005,0.7523598195174214
0.8000000000000006,0.7000000000000005,0.7087127576894718
0.8000000000000006,0.7500000000000006,0.6210013691828498
0.8000000000000006,0.8000000000000006,0.4946791233116905
0.8000000000000006,0.8500000000000006,0.33760012549240703
0.8000000000000006,0.9000000000000007,0.15953078700964138
0.8000000000000006,0.9500000000000007,-0.02845740313457363
0.8500000000000006,-1.0,-0.2538746373214507
0.8500000000000006,-0.95,-0.03365352668122327
0.8500000000000006,-0.8999999999999999,0.18865999724983507
0.8500000000000006,-0.8499999999999999,0.3992435563117465
0.8500000000000006,-0.7999999999999998,0.5850040847469332
0.8500000000000006,-0.7499999999999998,0.7343918926137941
0.8500000000000006,-0.6999999999999997,0.838118769567257
0.8500000000000006,-0.6499999999999997,0.8897354807913194
0.8500000000000006,-0.5999999999999996,0.8860327491835471
0.8500000000000006,-0.5499999999999996,0.8272407926614226
0.8500000000000006,-0.4999999999999996,0.7170150103272775
0.8500000000000006,-0.4499999999999996,0.5622087074567483
0.8500000000000006,-0.39999999999999963,0.3724469901701814
0.8500000000000006,-0.34999999999999964,0.159528322952514
0.8500000000000006,-0.29999999999999966,-0.063309042723465
0.8500000000000006,-0.24999999999999967,-0.28221015875526434
0.8500000000000006,-0.19999999999999968,-0.48356481397835216
0.8500000000000006,-0.1499999999999997,-0.6548537511763812
0.8500000000000006,-0.09999999999999969,-0.7854270538588628
0.8500000000000006,-0.049999999999999684,-0.8671663064865145
0.8500000000000006,3.191891195797325E-16,-0.894989358228585
0.8500000000000006,0.05000000000000032,-0.8671663064865138
0.8500000000000006,0.10000000000000032,-0.7854270538588615
0.8500000000000006,0.15000000000000033,-0.6548537511763793
0.8500000000000006,0.20000000000000034,-0.48356481397834966
0.8500000000000006,0.25000000000000033,-0.2822101587552613
0.8500000000000006,0.3000000000000003,-0.06330904272346204
0.8500000000000006,0.3500000000000003,0.15952832295251695
0.8500000000000006,0.4000000000000003,0.3724469901701839
0.8500000000000006,0.4500000000000003,0.5622087074567506
0.8500000000000006,0.5000000000000003,0.7170150103272794
0.8500000000000006,0.5500000000000004,0.8272407926614238
0.8500000000000006,0.6000000000000004,0.8860327491835476
0.8500000000000006,0.6500000000000005,0.889735480791319
0.8500000000000006,0.7000000000000005,0.8381187695672557
0.8500000000000006,0.7500000000000006,0.7343918926137922
0.8500000000000006,0.8000000000000006,0.5850040847469308
0.8500000000000006,0.8500000000000006,0.39924355631174296
0.8500000000000006,0.9000000000000007,0.18865999724983196
0.8500000000000006,0.9500000000000007,-0.03365352668122645
0.9000000000000007,-1.0,-0.27728832953300636
0.9000000000000007,-0.95,-0.03675723693704472
0.9000000000000007,-0.8999999999999999,0.20605924262087844
0.9000000000000007,-0.8499999999999999,0.4360639565043588
0.9000000000000007,-0.7999999999999998,0.6389563256138479
0.9000000000000007,-0.7499999999999998,0.8021214851313383
0.9000000000000007,-0.6999999999999997,0.9154146157156403
0.9000000000000007,-0.6499999999999997,0.971791699233382
0.9000000000000007,-0.5999999999999996,0.9677474816893971
0.9000000000000007,-0.5499999999999996,0.9035334129427213
0.9000000000000007,-0.4999999999999996,0.7831420127722349
0.9000000000000007,-0.4499999999999996,0.6140586353342685
0.9000000000000007,-0.39999999999999963,0.40679606609588476
0.9000000000000007,-0.34999999999999964,0.17424088775238586
0.9000000000000007,-0.29999999999999966,-0.06914774506953111
0.9000000000000007,-0.24999999999999967,-0.30823710601468524
0.9000000000000007,-0.19999999999999968,-0.5281617766300075
0.9000000000000007,-0.1499999999999997,-0.7152479060844694
0.9000000000000007,-0.09999999999999969,-0.8578633849855347
0.9000000000000007,-0.049999999999999684,-0.9471410736019819
0.9000000000000007,3.191891195797325E-16,-0.9775301176650978
0.9000000000000007,0.05000000000000032,-0.9471410736019811
0.9000000000000007,0.10000000000000032,-0.8578633849855332
0.9000000000000007,0.15000000000000033,-0.7152479060844673
0.9000000000000007,0.20000000000000034,-0.5281617766300049
0.9000000000000007,0.25000000000000033,-0.3082371060146819
0.9000000000000007,0.3000000000000003,-0.06914774506952787
0.9000000000000007,0.3500000000000003,0.17424088775238905
0.9000000000000007,0.4000000000000003,0.4067960660958875
0.9000000000000007,0.4500000000000003,0.6140586353342709
0.9000000000000007,0.5000000000000003,0.783142012772237
0.9000000000000007,0.5500000000000004,0.9035334129427225
0.9000000000000007,0.6000000000000004,0.9677474816893976
0.9000000000000007,0.6500000000000005,0.9717916992333817
0.9000000000000007,0.7000000000000005,0.915414615715639
0.9000000000000007,0.7500000000000006,0.8021214851313363
0.9000000000000007,0.8000000000000006,0.6389563256138452
0.9000000000000007,0.8500000000000006,0.43606395650435487
0.9000000000000007,0.9000000000000007,0.20605924262087505
0.9000000000000007,0.9500000000000007,-0.03675723693704819
0.9500000000000007,-1.0,-0.2834615764383982
0.9500000000000007,-0.95,-0.037575560230904644
0.9500000000000007,-0.8999999999999999,0.2106467223174782
0.9500000000000007,-0.8499999999999999,0.4457720119229805
0.9500000000000007,-0.7999999999999998,0.6531813568887639
0.9500000000000007,-0.7499999999999998,0.8199790487156937
0.9500000000000007,-0.6999999999999997,0.9357944147974635
0.9500000000000007,-0.6499999999999997,0.9934266166137181
0.9500000000000007,-0.5999999999999996,0.9892923629925561
0.9500000000000007,-0.5499999999999996,0.9236487018002094
0.9500000000000007,-0.4999999999999996,0.8005770379497122
0.9500000000000007,-0.4499999999999996,0.6277293714113713
0.9500000000000007,-0.39999999999999963,0.415852532916473
0.9500000000000007,-0.34999999999999964,0.1781199980738396
0.9500000000000007,-0.29999999999999966,-0.07068717553883436
0.9500000000000007,-0.24999999999999967,-0.3150993629442745
0.9500000000000007,-0.19999999999999968,-0.5399201981208023
0.9500000000000007,-0.1499999999999997,-0.731171410439161
0.9500000000000007,-0.09999999999999969,-0.8769619258275884
0.9500000000000007,-0.049999999999999684,-0.968227196164118
0.9500000000000007,3.191891195797325E-16,-0.9992927889753778
0.9500000000000007,0.05000000000000032,-0.9682271961641172
0.9500000000000007,0.10000000000000032,-0.8769619258275868
0.9500000000000007,0.15000000000000033,-0.7311714104391589
0.9500000000000007,0.20000000000000034,-0.5399201981207995
0.9500000000000007,0.25000000000000033,-0.3150993629442711
0.9500000000000007,0.3000000000000003,-0.07068717553883104
0.9500000000000007,0.3500000000000003,0.17811999807384285
0.9500000000000007,0.4000000000000003,0.4158525329164758
0.9500000000000007,0.4500000000000003,0.6277293714113737
0.9500000000000007,0.5000000000000003,0.8005770379497142
0.9500000000000007,0.5500000000000004,0.9236487018002107
0.9500000000000007,0.6000000000000004,0.9892923629925566
0.9500000000000007,0.6500000000000005,0.9934266166137178
0.9500000000000007,0.7000000000000005,0.9357944147974622
0.9500000000000007,0.7500000000000006,0.8199790487156917
0.9500000000000007,0.8000000000000006,0.6531813568887612
0.9500000000000007,0.8500000000000006,0.4457720119229765
0.9500000000000007,0.9000000000000007,0.21064672231747472
0.9500000000000007,0.9500000000000007,-0.037575560230908196
